2.6587e+02	2.0538e+00	2.3680e-01	-9.3110e-01	1.4417e+00	-9.4930e-01	-9.7300e-02	-1.1944e+00
2.6587e+02	2.0548e+00	2.3500e-01	-9.3100e-01	1.4416e+00	-9.4930e-01	-9.7300e-02	-1.1960e+00
2.6587e+02	2.0558e+00	2.3310e-01	-9.3100e-01	1.4415e+00	-9.4940e-01	-9.7300e-02	-1.1976e+00
2.6588e+02	2.0568e+00	2.3120e-01	-9.3100e-01	1.4414e+00	-9.4940e-01	-9.7300e-02	-1.1992e+00
2.6588e+02	2.0577e+00	2.2940e-01	-9.3100e-01	1.4412e+00	-9.4940e-01	-9.7300e-02	-1.2007e+00
2.6588e+02	2.0587e+00	2.2750e-01	-9.3100e-01	1.4410e+00	-9.4940e-01	-9.7400e-02	-1.2022e+00
2.6588e+02	2.0597e+00	2.2570e-01	-9.3110e-01	1.4409e+00	-9.4950e-01	-9.7400e-02	-1.2037e+00
2.6588e+02	2.0606e+00	2.2390e-01	-9.3110e-01	1.4408e+00	-9.4950e-01	-9.7400e-02	-1.2053e+00
2.6589e+02	2.0615e+00	2.2200e-01	-9.3110e-01	1.4406e+00	-9.4950e-01	-9.7400e-02	-1.2068e+00
2.6589e+02	2.0625e+00	2.2020e-01	-9.3100e-01	1.4405e+00	-9.4940e-01	-9.7400e-02	-1.2084e+00
2.6589e+02	2.0634e+00	2.1840e-01	-9.3090e-01	1.4403e+00	-9.4940e-01	-9.7400e-02	-1.2100e+00
2.6589e+02	2.0643e+00	2.1660e-01	-9.3090e-01	1.4401e+00	-9.4930e-01	-9.7500e-02	-1.2116e+00
2.6589e+02	2.0652e+00	2.1480e-01	-9.3090e-01	1.4399e+00	-9.4940e-01	-9.7500e-02	-1.2132e+00
2.6590e+02	2.0661e+00	2.1290e-01	-9.3080e-01	1.4397e+00	-9.4940e-01	-9.7500e-02	-1.2147e+00
2.6590e+02	2.0669e+00	2.1120e-01	-9.3070e-01	1.4395e+00	-9.4940e-01	-9.7500e-02	-1.2162e+00
2.6590e+02	2.0678e+00	2.0940e-01	-9.3070e-01	1.4393e+00	-9.4950e-01	-9.7600e-02	-1.2176e+00
2.6590e+02	2.0686e+00	2.0750e-01	-9.3070e-01	1.4391e+00	-9.4960e-01	-9.7600e-02	-1.2188e+00
2.6590e+02	2.0694e+00	2.0570e-01	-9.3070e-01	1.4389e+00	-9.4980e-01	-9.7600e-02	-1.2200e+00
2.6591e+02	2.0703e+00	2.0400e-01	-9.3060e-01	1.4387e+00	-9.5000e-01	-9.7700e-02	-1.2210e+00
2.6591e+02	2.0711e+00	2.0230e-01	-9.3050e-01	1.4385e+00	-9.5010e-01	-9.7700e-02	-1.2220e+00
2.6591e+02	2.0719e+00	2.0060e-01	-9.3040e-01	1.4383e+00	-9.5030e-01	-9.7800e-02	-1.2229e+00
2.6591e+02	2.0727e+00	1.9880e-01	-9.3040e-01	1.4380e+00	-9.5040e-01	-9.7900e-02	-1.2237e+00
2.6591e+02	2.0735e+00	1.9710e-01	-9.3020e-01	1.4377e+00	-9.5040e-01	-9.8000e-02	-1.2245e+00
2.6592e+02	2.0743e+00	1.9540e-01	-9.3010e-01	1.4375e+00	-9.5050e-01	-9.8200e-02	-1.2254e+00
2.6592e+02	2.0750e+00	1.9370e-01	-9.3000e-01	1.4371e+00	-9.5060e-01	-9.8300e-02	-1.2262e+00
2.6592e+02	2.0758e+00	1.9190e-01	-9.2990e-01	1.4368e+00	-9.5070e-01	-9.8400e-02	-1.2272e+00
2.6592e+02	2.0765e+00	1.9020e-01	-9.2980e-01	1.4365e+00	-9.5070e-01	-9.8500e-02	-1.2281e+00
2.6592e+02	2.0773e+00	1.8850e-01	-9.2970e-01	1.4362e+00	-9.5080e-01	-9.8600e-02	-1.2291e+00
2.6593e+02	2.0780e+00	1.8690e-01	-9.2940e-01	1.4359e+00	-9.5080e-01	-9.8700e-02	-1.2301e+00
2.6593e+02	2.0787e+00	1.8520e-01	-9.2920e-01	1.4356e+00	-9.5090e-01	-9.8800e-02	-1.2311e+00
2.6593e+02	2.0794e+00	1.8350e-01	-9.2910e-01	1.4353e+00	-9.5100e-01	-9.8900e-02	-1.2322e+00
2.6593e+02	2.0801e+00	1.8180e-01	-9.2890e-01	1.4349e+00	-9.5100e-01	-9.8900e-02	-1.2333e+00
2.6593e+02	2.0807e+00	1.8020e-01	-9.2870e-01	1.4344e+00	-9.5120e-01	-9.9000e-02	-1.2345e+00
2.6594e+02	2.0814e+00	1.7860e-01	-9.2850e-01	1.4340e+00	-9.5130e-01	-9.9100e-02	-1.2356e+00
2.6594e+02	2.0821e+00	1.7700e-01	-9.2830e-01	1.4336e+00	-9.5140e-01	-9.9300e-02	-1.2366e+00
2.6594e+02	2.0827e+00	1.7540e-01	-9.2800e-01	1.4332e+00	-9.5150e-01	-9.9400e-02	-1.2376e+00
2.6594e+02	2.0833e+00	1.7380e-01	-9.2780e-01	1.4328e+00	-9.5160e-01	-9.9500e-02	-1.2386e+00
2.6594e+02	2.0839e+00	1.7220e-01	-9.2750e-01	1.4324e+00	-9.5170e-01	-9.9600e-02	-1.2395e+00
2.6595e+02	2.0845e+00	1.7060e-01	-9.2730e-01	1.4320e+00	-9.5180e-01	-9.9600e-02	-1.2404e+00
2.6595e+02	2.0851e+00	1.6900e-01	-9.2710e-01	1.4315e+00	-9.5190e-01	-9.9700e-02	-1.2413e+00
2.6595e+02	2.0856e+00	1.6750e-01	-9.2680e-01	1.4311e+00	-9.5200e-01	-9.9800e-02	-1.2422e+00
2.6595e+02	2.0862e+00	1.6600e-01	-9.2660e-01	1.4306e+00	-9.5220e-01	-9.9800e-02	-1.2431e+00
2.6595e+02	2.0867e+00	1.6440e-01	-9.2630e-01	1.4301e+00	-9.5230e-01	-9.9900e-02	-1.2441e+00
2.6596e+02	2.0872e+00	1.6280e-01	-9.2610e-01	1.4295e+00	-9.5230e-01	-1.0000e-01	-1.2452e+00
2.6596e+02	2.0878e+00	1.6130e-01	-9.2580e-01	1.4290e+00	-9.5230e-01	-1.0010e-01	-1.2464e+00
2.6596e+02	2.0883e+00	1.5980e-01	-9.2550e-01	1.4285e+00	-9.5230e-01	-1.0030e-01	-1.2477e+00
2.6596e+02	2.0887e+00	1.5830e-01	-9.2520e-01	1.4279e+00	-9.5240e-01	-1.0040e-01	-1.2491e+00
2.6596e+02	2.0892e+00	1.5690e-01	-9.2480e-01	1.4274e+00	-9.5240e-01	-1.0050e-01	-1.2507e+00
2.6597e+02	2.0897e+00	1.5540e-01	-9.2450e-01	1.4268e+00	-9.5250e-01	-1.0060e-01	-1.2523e+00
2.6597e+02	2.0901e+00	1.5390e-01	-9.2420e-01	1.4262e+00	-9.5260e-01	-1.0060e-01	-1.2539e+00
2.6597e+02	2.0905e+00	1.5240e-01	-9.2380e-01	1.4256e+00	-9.5270e-01	-1.0070e-01	-1.2556e+00
2.6597e+02	2.0910e+00	1.5100e-01	-9.2350e-01	1.4249e+00	-9.5270e-01	-1.0080e-01	-1.2572e+00
2.6597e+02	2.0913e+00	1.4950e-01	-9.2300e-01	1.4243e+00	-9.5280e-01	-1.0090e-01	-1.2588e+00
2.6598e+02	2.0917e+00	1.4810e-01	-9.2260e-01	1.4237e+00	-9.5290e-01	-1.0090e-01	-1.2604e+00
2.6598e+02	2.0921e+00	1.4670e-01	-9.2230e-01	1.4231e+00	-9.5300e-01	-1.0100e-01	-1.2618e+00
2.6598e+02	2.0924e+00	1.4530e-01	-9.2180e-01	1.4225e+00	-9.5310e-01	-1.0110e-01	-1.2632e+00
2.6598e+02	2.0927e+00	1.4390e-01	-9.2140e-01	1.4218e+00	-9.5300e-01	-1.0130e-01	-1.2645e+00
2.6598e+02	2.0931e+00	1.4250e-01	-9.2100e-01	1.4212e+00	-9.5300e-01	-1.0140e-01	-1.2658e+00
2.6599e+02	2.0934e+00	1.4110e-01	-9.2050e-01	1.4205e+00	-9.5310e-01	-1.0150e-01	-1.2671e+00
2.6599e+02	2.0937e+00	1.3970e-01	-9.2010e-01	1.4198e+00	-9.5310e-01	-1.0160e-01	-1.2683e+00
2.6599e+02	2.0940e+00	1.3840e-01	-9.1960e-01	1.4191e+00	-9.5310e-01	-1.0170e-01	-1.2694e+00
2.6599e+02	2.0942e+00	1.3700e-01	-9.1910e-01	1.4184e+00	-9.5310e-01	-1.0180e-01	-1.2705e+00
2.6599e+02	2.0945e+00	1.3570e-01	-9.1860e-01	1.4177e+00	-9.5310e-01	-1.0190e-01	-1.2715e+00
2.6600e+02	2.0947e+00	1.3430e-01	-9.1810e-01	1.4170e+00	-9.5320e-01	-1.0210e-01	-1.2725e+00
2.6600e+02	2.0949e+00	1.3300e-01	-9.1750e-01	1.4163e+00	-9.5320e-01	-1.0220e-01	-1.2733e+00
2.6600e+02	2.0951e+00	1.3170e-01	-9.1700e-01	1.4155e+00	-9.5320e-01	-1.0240e-01	-1.2741e+00
2.6600e+02	2.0953e+00	1.3040e-01	-9.1650e-01	1.4148e+00	-9.5320e-01	-1.0260e-01	-1.2749e+00
2.6600e+02	2.0955e+00	1.2900e-01	-9.1600e-01	1.4141e+00	-9.5330e-01	-1.0280e-01	-1.2756e+00
2.6601e+02	2.0956e+00	1.2770e-01	-9.1540e-01	1.4133e+00	-9.5340e-01	-1.0300e-01	-1.2763e+00
2.6601e+02	2.0958e+00	1.2640e-01	-9.1480e-01	1.4125e+00	-9.5350e-01	-1.0320e-01	-1.2770e+00
2.6601e+02	2.0959e+00	1.2520e-01	-9.1410e-01	1.4118e+00	-9.5350e-01	-1.0330e-01	-1.2777e+00
2.6601e+02	2.0960e+00	1.2390e-01	-9.1350e-01	1.4111e+00	-9.5370e-01	-1.0340e-01	-1.2783e+00
2.6601e+02	2.0962e+00	1.2270e-01	-9.1290e-01	1.4103e+00	-9.5380e-01	-1.0360e-01	-1.2789e+00
2.6602e+02	2.0963e+00	1.2150e-01	-9.1220e-01	1.4095e+00	-9.5400e-01	-1.0370e-01	-1.2795e+00
2.6602e+02	2.0964e+00	1.2020e-01	-9.1150e-01	1.4087e+00	-9.5410e-01	-1.0380e-01	-1.2800e+00
2.6602e+02	2.0964e+00	1.1900e-01	-9.1080e-01	1.4078e+00	-9.5420e-01	-1.0390e-01	-1.2806e+00
2.6602e+02	2.0965e+00	1.1780e-01	-9.1010e-01	1.4069e+00	-9.5440e-01	-1.0400e-01	-1.2812e+00
2.6602e+02	2.0965e+00	1.1660e-01	-9.0930e-01	1.4061e+00	-9.5450e-01	-1.0410e-01	-1.2818e+00
2.6603e+02	2.0966e+00	1.1540e-01	-9.0860e-01	1.4052e+00	-9.5460e-01	-1.0420e-01	-1.2825e+00
2.6603e+02	2.0966e+00	1.1420e-01	-9.0780e-01	1.4043e+00	-9.5460e-01	-1.0430e-01	-1.2832e+00
2.6603e+02	2.0966e+00	1.1300e-01	-9.0710e-01	1.4035e+00	-9.5470e-01	-1.0430e-01	-1.2840e+00
2.6603e+02	2.0966e+00	1.1180e-01	-9.0630e-01	1.4026e+00	-9.5480e-01	-1.0440e-01	-1.2849e+00
2.6603e+02	2.0966e+00	1.1070e-01	-9.0560e-01	1.4017e+00	-9.5480e-01	-1.0450e-01	-1.2858e+00
2.6604e+02	2.0966e+00	1.0950e-01	-9.0480e-01	1.4009e+00	-9.5490e-01	-1.0450e-01	-1.2868e+00
2.6604e+02	2.0966e+00	1.0840e-01	-9.0400e-01	1.3999e+00	-9.5500e-01	-1.0460e-01	-1.2879e+00
2.6604e+02	2.0966e+00	1.0720e-01	-9.0320e-01	1.3990e+00	-9.5510e-01	-1.0460e-01	-1.2890e+00
2.6604e+02	2.0966e+00	1.0610e-01	-9.0250e-01	1.3981e+00	-9.5520e-01	-1.0470e-01	-1.2901e+00
2.6604e+02	2.0966e+00	1.0510e-01	-9.0180e-01	1.3972e+00	-9.5520e-01	-1.0470e-01	-1.2912e+00
2.6605e+02	2.0966e+00	1.0400e-01	-9.0100e-01	1.3963e+00	-9.5520e-01	-1.0470e-01	-1.2924e+00
2.6605e+02	2.0966e+00	1.0280e-01	-9.0030e-01	1.3953e+00	-9.5510e-01	-1.0470e-01	-1.2936e+00
2.6605e+02	2.0966e+00	1.0180e-01	-8.9960e-01	1.3944e+00	-9.5510e-01	-1.0480e-01	-1.2947e+00
2.6605e+02	2.0966e+00	1.0070e-01	-8.9890e-01	1.3934e+00	-9.5510e-01	-1.0480e-01	-1.2959e+00
2.6605e+02	2.0966e+00	9.9600e-02	-8.9830e-01	1.3925e+00	-9.5510e-01	-1.0470e-01	-1.2971e+00
2.6606e+02	2.0966e+00	9.8600e-02	-8.9760e-01	1.3916e+00	-9.5510e-01	-1.0470e-01	-1.2982e+00
2.6606e+02	2.0966e+00	9.7600e-02	-8.9690e-01	1.3907e+00	-9.5510e-01	-1.0460e-01	-1.2994e+00
2.6606e+02	2.0966e+00	9.6600e-02	-8.9620e-01	1.3897e+00	-9.5510e-01	-1.0460e-01	-1.3005e+00
2.6606e+02	2.0966e+00	9.5600e-02	-8.9550e-01	1.3888e+00	-9.5510e-01	-1.0470e-01	-1.3017e+00
2.6606e+02	2.0966e+00	9.4600e-02	-8.9480e-01	1.3878e+00	-9.5510e-01	-1.0470e-01	-1.3028e+00
2.6607e+02	2.0966e+00	9.3700e-02	-8.9420e-01	1.3868e+00	-9.5510e-01	-1.0470e-01	-1.3040e+00
2.6607e+02	2.0966e+00	9.2800e-02	-8.9360e-01	1.3859e+00	-9.5500e-01	-1.0480e-01	-1.3051e+00
2.6607e+02	2.0966e+00	9.1900e-02	-8.9290e-01	1.3850e+00	-9.5500e-01	-1.0480e-01	-1.3063e+00
2.6607e+02	2.0966e+00	9.1000e-02	-8.9220e-01	1.3841e+00	-9.5490e-01	-1.0480e-01	-1.3075e+00
2.6607e+02	2.0966e+00	9.0100e-02	-8.9160e-01	1.3832e+00	-9.5490e-01	-1.0480e-01	-1.3086e+00
2.6608e+02	2.0966e+00	8.9200e-02	-8.9100e-01	1.3823e+00	-9.5490e-01	-1.0480e-01	-1.3098e+00
2.6608e+02	2.0966e+00	8.8300e-02	-8.9050e-01	1.3814e+00	-9.5500e-01	-1.0480e-01	-1.3109e+00
2.6608e+02	2.0966e+00	8.7400e-02	-8.8990e-01	1.3804e+00	-9.5500e-01	-1.0480e-01	-1.3119e+00
2.6608e+02	2.0966e+00	8.6500e-02	-8.8940e-01	1.3794e+00	-9.5500e-01	-1.0480e-01	-1.3130e+00
2.6608e+02	2.0966e+00	8.5600e-02	-8.8890e-01	1.3784e+00	-9.5500e-01	-1.0480e-01	-1.3139e+00
2.6609e+02	2.0966e+00	8.4800e-02	-8.8840e-01	1.3774e+00	-9.5500e-01	-1.0480e-01	-1.3148e+00
2.6609e+02	2.0966e+00	8.4000e-02	-8.8790e-01	1.3765e+00	-9.5500e-01	-1.0480e-01	-1.3156e+00
2.6609e+02	2.0966e+00	8.3200e-02	-8.8740e-01	1.3756e+00	-9.5500e-01	-1.0480e-01	-1.3164e+00
2.6609e+02	2.0966e+00	8.2400e-02	-8.8690e-01	1.3746e+00	-9.5500e-01	-1.0480e-01	-1.3172e+00
2.6609e+02	2.0966e+00	8.1600e-02	-8.8640e-01	1.3737e+00	-9.5500e-01	-1.0480e-01	-1.3179e+00
2.6610e+02	2.0966e+00	8.0900e-02	-8.8590e-01	1.3729e+00	-9.5500e-01	-1.0480e-01	-1.3186e+00
2.6610e+02	2.0966e+00	8.0200e-02	-8.8540e-01	1.3720e+00	-9.5500e-01	-1.0480e-01	-1.3194e+00
2.6610e+02	2.0966e+00	7.9500e-02	-8.8490e-01	1.3710e+00	-9.5500e-01	-1.0490e-01	-1.3201e+00
2.6610e+02	2.0966e+00	7.8800e-02	-8.8440e-01	1.3701e+00	-9.5500e-01	-1.0490e-01	-1.3208e+00
2.6610e+02	2.0966e+00	7.8100e-02	-8.8400e-01	1.3692e+00	-9.5500e-01	-1.0490e-01	-1.3216e+00
2.6611e+02	2.0966e+00	7.7500e-02	-8.8350e-01	1.3682e+00	-9.5500e-01	-1.0480e-01	-1.3223e+00
2.6611e+02	2.0966e+00	7.6900e-02	-8.8310e-01	1.3673e+00	-9.5500e-01	-1.0490e-01	-1.3230e+00
2.6611e+02	2.0965e+00	7.6300e-02	-8.8270e-01	1.3663e+00	-9.5500e-01	-1.0480e-01	-1.3238e+00
2.6611e+02	2.0966e+00	7.5700e-02	-8.8230e-01	1.3654e+00	-9.5500e-01	-1.0480e-01	-1.3245e+00
2.6611e+02	2.0966e+00	7.5100e-02	-8.8190e-01	1.3644e+00	-9.5500e-01	-1.0480e-01	-1.3252e+00
2.6612e+02	2.0966e+00	7.4600e-02	-8.8150e-01	1.3635e+00	-9.5500e-01	-1.0480e-01	-1.3260e+00
2.6612e+02	2.0965e+00	7.4000e-02	-8.8120e-01	1.3625e+00	-9.5500e-01	-1.0480e-01	-1.3267e+00
2.6612e+02	2.0965e+00	7.3500e-02	-8.8090e-01	1.3616e+00	-9.5500e-01	-1.0480e-01	-1.3275e+00
2.6612e+02	2.0965e+00	7.3000e-02	-8.8060e-01	1.3606e+00	-9.5500e-01	-1.0470e-01	-1.3283e+00
2.6612e+02	2.0965e+00	7.2500e-02	-8.8020e-01	1.3596e+00	-9.5500e-01	-1.0470e-01	-1.3290e+00
2.6613e+02	2.0965e+00	7.2000e-02	-8.8000e-01	1.3587e+00	-9.5510e-01	-1.0460e-01	-1.3297e+00
2.6613e+02	2.0965e+00	7.1600e-02	-8.7970e-01	1.3577e+00	-9.5500e-01	-1.0460e-01	-1.3303e+00
2.6613e+02	2.0965e+00	7.1200e-02	-8.7950e-01	1.3567e+00	-9.5500e-01	-1.0460e-01	-1.3310e+00
2.6613e+02	2.0965e+00	7.0800e-02	-8.7930e-01	1.3558e+00	-9.5490e-01	-1.0460e-01	-1.3316e+00
2.6613e+02	2.0965e+00	7.0500e-02	-8.7910e-01	1.3549e+00	-9.5490e-01	-1.0460e-01	-1.3322e+00
2.6614e+02	2.0965e+00	7.0100e-02	-8.7900e-01	1.3540e+00	-9.5490e-01	-1.0460e-01	-1.3328e+00
2.6614e+02	2.0965e+00	6.9800e-02	-8.7890e-01	1.3531e+00	-9.5490e-01	-1.0460e-01	-1.3333e+00
2.6614e+02	2.0965e+00	6.9600e-02	-8.7890e-01	1.3522e+00	-9.5500e-01	-1.0460e-01	-1.3337e+00
2.6614e+02	2.0965e+00	6.9300e-02	-8.7880e-01	1.3513e+00	-9.5500e-01	-1.0470e-01	-1.3342e+00
2.6614e+02	2.0965e+00	6.9100e-02	-8.7880e-01	1.3504e+00	-9.5500e-01	-1.0470e-01	-1.3345e+00
2.6615e+02	2.0965e+00	6.8800e-02	-8.7880e-01	1.3495e+00	-9.5500e-01	-1.0460e-01	-1.3349e+00
2.6615e+02	2.0965e+00	6.8600e-02	-8.7880e-01	1.3486e+00	-9.5500e-01	-1.0460e-01	-1.3352e+00
2.6615e+02	2.0965e+00	6.8500e-02	-8.7890e-01	1.3477e+00	-9.5500e-01	-1.0460e-01	-1.3355e+00
2.6615e+02	2.0965e+00	6.8300e-02	-8.7890e-01	1.3468e+00	-9.5500e-01	-1.0470e-01	-1.3358e+00
2.6615e+02	2.0965e+00	6.8200e-02	-8.7900e-01	1.3459e+00	-9.5500e-01	-1.0470e-01	-1.3361e+00
2.6616e+02	2.0965e+00	6.8100e-02	-8.7910e-01	1.3451e+00	-9.5500e-01	-1.0470e-01	-1.3364e+00
2.6616e+02	2.0965e+00	6.8100e-02	-8.7920e-01	1.3443e+00	-9.5510e-01	-1.0470e-01	-1.3367e+00
2.6616e+02	2.0965e+00	6.8100e-02	-8.7920e-01	1.3435e+00	-9.5520e-01	-1.0480e-01	-1.3370e+00
2.6616e+02	2.0965e+00	6.8000e-02	-8.7930e-01	1.3426e+00	-9.5520e-01	-1.0490e-01	-1.3373e+00
2.6616e+02	2.0965e+00	6.8000e-02	-8.7940e-01	1.3416e+00	-9.5530e-01	-1.0490e-01	-1.3376e+00
2.6617e+02	2.0965e+00	6.8000e-02	-8.7950e-01	1.3408e+00	-9.5530e-01	-1.0490e-01	-1.3378e+00
2.6617e+02	2.0965e+00	6.8000e-02	-8.7960e-01	1.3399e+00	-9.5530e-01	-1.0500e-01	-1.3381e+00
2.6617e+02	2.0964e+00	6.8000e-02	-8.7960e-01	1.3390e+00	-9.5530e-01	-1.0500e-01	-1.3383e+00
2.6617e+02	2.0964e+00	6.8100e-02	-8.7970e-01	1.3382e+00	-9.5530e-01	-1.0490e-01	-1.3385e+00
2.6617e+02	2.0964e+00	6.8100e-02	-8.7970e-01	1.3374e+00	-9.5530e-01	-1.0490e-01	-1.3386e+00
2.6618e+02	2.0964e+00	6.8200e-02	-8.7980e-01	1.3366e+00	-9.5540e-01	-1.0490e-01	-1.3387e+00
2.6618e+02	2.0963e+00	6.8200e-02	-8.7990e-01	1.3359e+00	-9.5540e-01	-1.0490e-01	-1.3388e+00
2.6618e+02	2.0963e+00	6.8300e-02	-8.8000e-01	1.3352e+00	-9.5530e-01	-1.0490e-01	-1.3388e+00
2.6618e+02	2.0962e+00	6.8400e-02	-8.8010e-01	1.3345e+00	-9.5530e-01	-1.0490e-01	-1.3389e+00
2.6618e+02	2.0962e+00	6.8600e-02	-8.8030e-01	1.3339e+00	-9.5520e-01	-1.0480e-01	-1.3389e+00
2.6619e+02	2.0962e+00	6.8700e-02	-8.8040e-01	1.3333e+00	-9.5530e-01	-1.0480e-01	-1.3389e+00
2.6619e+02	2.0961e+00	6.8800e-02	-8.8060e-01	1.3327e+00	-9.5530e-01	-1.0480e-01	-1.3388e+00
2.6619e+02	2.0961e+00	6.9000e-02	-8.8080e-01	1.3321e+00	-9.5530e-01	-1.0480e-01	-1.3387e+00
2.6619e+02	2.0961e+00	6.9200e-02	-8.8100e-01	1.3316e+00	-9.5520e-01	-1.0480e-01	-1.3386e+00
2.6619e+02	2.0960e+00	6.9500e-02	-8.8120e-01	1.3311e+00	-9.5520e-01	-1.0490e-01	-1.3385e+00
2.6620e+02	2.0960e+00	6.9800e-02	-8.8150e-01	1.3306e+00	-9.5520e-01	-1.0490e-01	-1.3384e+00
2.6620e+02	2.0960e+00	7.0000e-02	-8.8180e-01	1.3302e+00	-9.5530e-01	-1.0490e-01	-1.3383e+00
2.6620e+02	2.0960e+00	7.0300e-02	-8.8220e-01	1.3298e+00	-9.5530e-01	-1.0500e-01	-1.3382e+00
2.6620e+02	2.0959e+00	7.0700e-02	-8.8260e-01	1.3294e+00	-9.5540e-01	-1.0510e-01	-1.3380e+00
2.6620e+02	2.0959e+00	7.1000e-02	-8.8300e-01	1.3290e+00	-9.5540e-01	-1.0510e-01	-1.3379e+00
2.6621e+02	2.0959e+00	7.1400e-02	-8.8340e-01	1.3287e+00	-9.5540e-01	-1.0520e-01	-1.3378e+00
2.6621e+02	2.0959e+00	7.1800e-02	-8.8390e-01	1.3283e+00	-9.5540e-01	-1.0530e-01	-1.3377e+00
2.6621e+02	2.0959e+00	7.2200e-02	-8.8440e-01	1.3280e+00	-9.5540e-01	-1.0540e-01	-1.3376e+00
2.6621e+02	2.0959e+00	7.2600e-02	-8.8490e-01	1.3277e+00	-9.5540e-01	-1.0550e-01	-1.3375e+00
2.6621e+02	2.0959e+00	7.3100e-02	-8.8540e-01	1.3275e+00	-9.5530e-01	-1.0560e-01	-1.3374e+00
2.6622e+02	2.0959e+00	7.3600e-02	-8.8600e-01	1.3273e+00	-9.5530e-01	-1.0570e-01	-1.3374e+00
2.6622e+02	2.0959e+00	7.4000e-02	-8.8660e-01	1.3271e+00	-9.5540e-01	-1.0570e-01	-1.3373e+00
2.6622e+02	2.0959e+00	7.4500e-02	-8.8720e-01	1.3269e+00	-9.5540e-01	-1.0590e-01	-1.3372e+00
2.6622e+02	2.0959e+00	7.5000e-02	-8.8780e-01	1.3267e+00	-9.5540e-01	-1.0600e-01	-1.3371e+00
2.6622e+02	2.0959e+00	7.5600e-02	-8.8840e-01	1.3265e+00	-9.5540e-01	-1.0610e-01	-1.3370e+00
2.6623e+02	2.0959e+00	7.6100e-02	-8.8900e-01	1.3264e+00	-9.5550e-01	-1.0630e-01	-1.3369e+00
2.6623e+02	2.0959e+00	7.6700e-02	-8.8970e-01	1.3263e+00	-9.5550e-01	-1.0640e-01	-1.3367e+00
2.6623e+02	2.0959e+00	7.7400e-02	-8.9030e-01	1.3262e+00	-9.5560e-01	-1.0660e-01	-1.3366e+00
2.6623e+02	2.0959e+00	7.8000e-02	-8.9100e-01	1.3262e+00	-9.5560e-01	-1.0680e-01	-1.3365e+00
2.6623e+02	2.0959e+00	7.8600e-02	-8.9170e-01	1.3261e+00	-9.5560e-01	-1.0690e-01	-1.3364e+00
2.6624e+02	2.0959e+00	7.9300e-02	-8.9250e-01	1.3261e+00	-9.5560e-01	-1.0710e-01	-1.3363e+00
2.6624e+02	2.0959e+00	7.9900e-02	-8.9320e-01	1.3262e+00	-9.5570e-01	-1.0730e-01	-1.3362e+00
2.6624e+02	2.0959e+00	8.0600e-02	-8.9400e-01	1.3262e+00	-9.5560e-01	-1.0750e-01	-1.3362e+00
2.6624e+02	2.0959e+00	8.1300e-02	-8.9490e-01	1.3262e+00	-9.5550e-01	-1.0770e-01	-1.3361e+00
2.6624e+02	2.0959e+00	8.2000e-02	-8.9570e-01	1.3263e+00	-9.5540e-01	-1.0790e-01	-1.3361e+00
2.6625e+02	2.0959e+00	8.2700e-02	-8.9650e-01	1.3263e+00	-9.5540e-01	-1.0820e-01	-1.3361e+00
2.6625e+02	2.0959e+00	8.3500e-02	-8.9740e-01	1.3264e+00	-9.5530e-01	-1.0840e-01	-1.3360e+00
2.6625e+02	2.0959e+00	8.4300e-02	-8.9830e-01	1.3265e+00	-9.5520e-01	-1.0870e-01	-1.3360e+00
2.6625e+02	2.0959e+00	8.5100e-02	-8.9930e-01	1.3266e+00	-9.5500e-01	-1.0890e-01	-1.3361e+00
2.6625e+02	2.0959e+00	8.5900e-02	-9.0020e-01	1.3267e+00	-9.5490e-01	-1.0920e-01	-1.3361e+00
2.6626e+02	2.0959e+00	8.6800e-02	-9.0120e-01	1.3267e+00	-9.5480e-01	-1.0940e-01	-1.3362e+00
2.6626e+02	2.0959e+00	8.7700e-02	-9.0220e-01	1.3268e+00	-9.5460e-01	-1.0950e-01	-1.3364e+00
2.6626e+02	2.0959e+00	8.8600e-02	-9.0330e-01	1.3270e+00	-9.5440e-01	-1.0970e-01	-1.3365e+00
2.6626e+02	2.0959e+00	8.9500e-02	-9.0440e-01	1.3271e+00	-9.5420e-01	-1.0990e-01	-1.3365e+00
2.6626e+02	2.0959e+00	9.0500e-02	-9.0550e-01	1.3272e+00	-9.5400e-01	-1.1020e-01	-1.3365e+00
2.6627e+02	2.0959e+00	9.1500e-02	-9.0660e-01	1.3274e+00	-9.5370e-01	-1.1050e-01	-1.3364e+00
2.6627e+02	2.0959e+00	9.2500e-02	-9.0780e-01	1.3276e+00	-9.5340e-01	-1.1090e-01	-1.3363e+00
2.6627e+02	2.0959e+00	9.3600e-02	-9.0910e-01	1.3278e+00	-9.5310e-01	-1.1130e-01	-1.3361e+00
2.6627e+02	2.0959e+00	9.4700e-02	-9.1030e-01	1.3280e+00	-9.5270e-01	-1.1170e-01	-1.3360e+00
2.6627e+02	2.0959e+00	9.5800e-02	-9.1150e-01	1.3283e+00	-9.5240e-01	-1.1210e-01	-1.3359e+00
2.6628e+02	2.0959e+00	9.6900e-02	-9.1280e-01	1.3285e+00	-9.5210e-01	-1.1250e-01	-1.3359e+00
2.6628e+02	2.0959e+00	9.8000e-02	-9.1400e-01	1.3288e+00	-9.5170e-01	-1.1290e-01	-1.3358e+00
2.6628e+02	2.0959e+00	9.9200e-02	-9.1540e-01	1.3290e+00	-9.5130e-01	-1.1340e-01	-1.3358e+00
2.6628e+02	2.0959e+00	1.0050e-01	-9.1680e-01	1.3293e+00	-9.5090e-01	-1.1390e-01	-1.3357e+00
2.6628e+02	2.0959e+00	1.0170e-01	-9.1820e-01	1.3296e+00	-9.5050e-01	-1.1460e-01	-1.3356e+00
2.6629e+02	2.0959e+00	1.0300e-01	-9.1970e-01	1.3299e+00	-9.5000e-01	-1.1520e-01	-1.3354e+00
2.6629e+02	2.0959e+00	1.0420e-01	-9.2110e-01	1.3302e+00	-9.4940e-01	-1.1590e-01	-1.3352e+00
2.6629e+02	2.0958e+00	1.0550e-01	-9.2250e-01	1.3305e+00	-9.4870e-01	-1.1660e-01	-1.3350e+00
2.6629e+02	2.0958e+00	1.0690e-01	-9.2400e-01	1.3309e+00	-9.4800e-01	-1.1730e-01	-1.3349e+00
2.6629e+02	2.0958e+00	1.0830e-01	-9.2550e-01	1.3312e+00	-9.4720e-01	-1.1810e-01	-1.3347e+00
2.6630e+02	2.0958e+00	1.0960e-01	-9.2710e-01	1.3315e+00	-9.4630e-01	-1.1900e-01	-1.3345e+00
2.6630e+02	2.0957e+00	1.1100e-01	-9.2870e-01	1.3319e+00	-9.4540e-01	-1.1990e-01	-1.3344e+00
2.6630e+02	2.0957e+00	1.1240e-01	-9.3030e-01	1.3323e+00	-9.4450e-01	-1.2080e-01	-1.3343e+00
2.6630e+02	2.0957e+00	1.1380e-01	-9.3190e-01	1.3328e+00	-9.4350e-01	-1.2180e-01	-1.3342e+00
2.6630e+02	2.0957e+00	1.1530e-01	-9.3350e-01	1.3333e+00	-9.4260e-01	-1.2290e-01	-1.3340e+00
2.6631e+02	2.0957e+00	1.1670e-01	-9.3520e-01	1.3338e+00	-9.4170e-01	-1.2400e-01	-1.3339e+00
2.6631e+02	2.0956e+00	1.1820e-01	-9.3700e-01	1.3343e+00	-9.4090e-01	-1.2510e-01	-1.3337e+00
2.6631e+02	2.0956e+00	1.1980e-01	-9.3880e-01	1.3348e+00	-9.4000e-01	-1.2620e-01	-1.3335e+00
2.6631e+02	2.0955e+00	1.2130e-01	-9.4050e-01	1.3353e+00	-9.3900e-01	-1.2740e-01	-1.3333e+00
2.6631e+02	2.0955e+00	1.2290e-01	-9.4230e-01	1.3358e+00	-9.3800e-01	-1.2870e-01	-1.3330e+00
2.6632e+02	2.0954e+00	1.2450e-01	-9.4410e-01	1.3363e+00	-9.3690e-01	-1.3010e-01	-1.3328e+00
2.6632e+02	2.0954e+00	1.2620e-01	-9.4590e-01	1.3368e+00	-9.3580e-01	-1.3160e-01	-1.3326e+00
2.6632e+02	2.0953e+00	1.2780e-01	-9.4770e-01	1.3374e+00	-9.3450e-01	-1.3310e-01	-1.3325e+00
2.6632e+02	2.0953e+00	1.2950e-01	-9.4970e-01	1.3380e+00	-9.3320e-01	-1.3480e-01	-1.3324e+00
2.6632e+02	2.0952e+00	1.3130e-01	-9.5160e-01	1.3385e+00	-9.3200e-01	-1.3650e-01	-1.3323e+00
2.6633e+02	2.0951e+00	1.3300e-01	-9.5360e-01	1.3391e+00	-9.3060e-01	-1.3820e-01	-1.3323e+00
2.6633e+02	2.0950e+00	1.3480e-01	-9.5560e-01	1.3398e+00	-9.2920e-01	-1.3990e-01	-1.3323e+00
2.6633e+02	2.0948e+00	1.3660e-01	-9.5760e-01	1.3405e+00	-9.2760e-01	-1.4170e-01	-1.3323e+00
2.6633e+02	2.0947e+00	1.3840e-01	-9.5970e-01	1.3412e+00	-9.2590e-01	-1.4350e-01	-1.3324e+00
2.6633e+02	2.0945e+00	1.4040e-01	-9.6180e-01	1.3420e+00	-9.2420e-01	-1.4540e-01	-1.3325e+00
2.6634e+02	2.0943e+00	1.4230e-01	-9.6390e-01	1.3427e+00	-9.2240e-01	-1.4730e-01	-1.3326e+00
2.6634e+02	2.0942e+00	1.4420e-01	-9.6600e-01	1.3435e+00	-9.2050e-01	-1.4930e-01	-1.3327e+00
2.6634e+02	2.0940e+00	1.4620e-01	-9.6820e-01	1.3443e+00	-9.1860e-01	-1.5140e-01	-1.3327e+00
2.6634e+02	2.0937e+00	1.4820e-01	-9.7030e-01	1.3451e+00	-9.1650e-01	-1.5350e-01	-1.3328e+00
2.6634e+02	2.0935e+00	1.5020e-01	-9.7240e-01	1.3459e+00	-9.1430e-01	-1.5580e-01	-1.3329e+00
2.6635e+02	2.0933e+00	1.5230e-01	-9.7470e-01	1.3467e+00	-9.1190e-01	-1.5810e-01	-1.3330e+00
2.6635e+02	2.0930e+00	1.5440e-01	-9.7690e-01	1.3475e+00	-9.0950e-01	-1.6050e-01	-1.3332e+00
2.6635e+02	2.0927e+00	1.5650e-01	-9.7910e-01	1.3484e+00	-9.0700e-01	-1.6290e-01	-1.3334e+00
2.6635e+02	2.0924e+00	1.5860e-01	-9.8150e-01	1.3493e+00	-9.0440e-01	-1.6530e-01	-1.3335e+00
2.6635e+02	2.0921e+00	1.6080e-01	-9.8370e-01	1.3501e+00	-9.0180e-01	-1.6780e-01	-1.3337e+00
2.6636e+02	2.0918e+00	1.6290e-01	-9.8590e-01	1.3511e+00	-8.9920e-01	-1.7030e-01	-1.3338e+00
2.6636e+02	2.0914e+00	1.6510e-01	-9.8830e-01	1.3520e+00	-8.9660e-01	-1.7290e-01	-1.3339e+00
2.6636e+02	2.0911e+00	1.6740e-01	-9.9050e-01	1.3529e+00	-8.9400e-01	-1.7560e-01	-1.3340e+00
2.6636e+02	2.0907e+00	1.6960e-01	-9.9280e-01	1.3539e+00	-8.9130e-01	-1.7830e-01	-1.3341e+00
2.6636e+02	2.0903e+00	1.7200e-01	-9.9520e-01	1.3548e+00	-8.8850e-01	-1.8100e-01	-1.3342e+00
2.6637e+02	2.0899e+00	1.7430e-01	-9.9750e-01	1.3558e+00	-8.8580e-01	-1.8380e-01	-1.3342e+00
2.6637e+02	2.0894e+00	1.7660e-01	-9.9970e-01	1.3569e+00	-8.8300e-01	-1.8660e-01	-1.3342e+00
2.6637e+02	2.0890e+00	1.7900e-01	-1.0021e+00	1.3578e+00	-8.8030e-01	-1.8950e-01	-1.3342e+00
2.6637e+02	2.0885e+00	1.8140e-01	-1.0044e+00	1.3588e+00	-8.7760e-01	-1.9230e-01	-1.3341e+00
2.6637e+02	2.0880e+00	1.8380e-01	-1.0066e+00	1.3597e+00	-8.7470e-01	-1.9530e-01	-1.3341e+00
2.6638e+02	2.0875e+00	1.8630e-01	-1.0090e+00	1.3607e+00	-8.7180e-01	-1.9820e-01	-1.3341e+00
2.6638e+02	2.0870e+00	1.8870e-01	-1.0113e+00	1.3617e+00	-8.6890e-01	-2.0110e-01	-1.3342e+00
2.6638e+02	2.0864e+00	1.9120e-01	-1.0137e+00	1.3626e+00	-8.6580e-01	-2.0410e-01	-1.3342e+00
2.6638e+02	2.0859e+00	1.9380e-01	-1.0160e+00	1.3636e+00	-8.6280e-01	-2.0720e-01	-1.3343e+00
2.6638e+02	2.0853e+00	1.9640e-01	-1.0183e+00	1.3647e+00	-8.5970e-01	-2.1020e-01	-1.3344e+00
2.6639e+02	2.0847e+00	1.9900e-01	-1.0206e+00	1.3657e+00	-8.5660e-01	-2.1330e-01	-1.3344e+00
2.6639e+02	2.0841e+00	2.0170e-01	-1.0230e+00	1.3666e+00	-8.5350e-01	-2.1640e-01	-1.3344e+00
2.6639e+02	2.0834e+00	2.0440e-01	-1.0254e+00	1.3676e+00	-8.5040e-01	-2.1940e-01	-1.3344e+00
2.6639e+02	2.0827e+00	2.0710e-01	-1.0277e+00	1.3686e+00	-8.4720e-01	-2.2260e-01	-1.3344e+00
2.6639e+02	2.0820e+00	2.0990e-01	-1.0301e+00	1.3696e+00	-8.4400e-01	-2.2570e-01	-1.3343e+00
2.6640e+02	2.0813e+00	2.1270e-01	-1.0323e+00	1.3706e+00	-8.4070e-01	-2.2880e-01	-1.3343e+00
2.6640e+02	2.0805e+00	2.1550e-01	-1.0346e+00	1.3716e+00	-8.3740e-01	-2.3190e-01	-1.3343e+00
2.6640e+02	2.0798e+00	2.1840e-01	-1.0371e+00	1.3726e+00	-8.3410e-01	-2.3510e-01	-1.3344e+00
2.6640e+02	2.0789e+00	2.2140e-01	-1.0395e+00	1.3736e+00	-8.3090e-01	-2.3840e-01	-1.3345e+00
2.6640e+02	2.0781e+00	2.2430e-01	-1.0419e+00	1.3746e+00	-8.2760e-01	-2.4170e-01	-1.3346e+00
2.6641e+02	2.0772e+00	2.2730e-01	-1.0443e+00	1.3757e+00	-8.2450e-01	-2.4500e-01	-1.3347e+00
2.6641e+02	2.0763e+00	2.3030e-01	-1.0465e+00	1.3766e+00	-8.2130e-01	-2.4830e-01	-1.3348e+00
2.6641e+02	2.0755e+00	2.3330e-01	-1.0487e+00	1.3776e+00	-8.1800e-01	-2.5170e-01	-1.3348e+00
2.6641e+02	2.0745e+00	2.3640e-01	-1.0511e+00	1.3785e+00	-8.1480e-01	-2.5500e-01	-1.3348e+00
2.6641e+02	2.0736e+00	2.3950e-01	-1.0533e+00	1.3794e+00	-8.1160e-01	-2.5830e-01	-1.3348e+00
2.6642e+02	2.0726e+00	2.4260e-01	-1.0556e+00	1.3803e+00	-8.0830e-01	-2.6170e-01	-1.3349e+00
2.6642e+02	2.0716e+00	2.4580e-01	-1.0579e+00	1.3813e+00	-8.0490e-01	-2.6500e-01	-1.3349e+00
2.6642e+02	2.0705e+00	2.4890e-01	-1.0601e+00	1.3823e+00	-8.0160e-01	-2.6840e-01	-1.3349e+00
2.6642e+02	2.0695e+00	2.5200e-01	-1.0621e+00	1.3833e+00	-7.9830e-01	-2.7170e-01	-1.3350e+00
2.6642e+02	2.0684e+00	2.5530e-01	-1.0643e+00	1.3843e+00	-7.9510e-01	-2.7510e-01	-1.3350e+00
2.6643e+02	2.0673e+00	2.5850e-01	-1.0664e+00	1.3853e+00	-7.9190e-01	-2.7860e-01	-1.3351e+00
2.6643e+02	2.0661e+00	2.6180e-01	-1.0685e+00	1.3862e+00	-7.8870e-01	-2.8200e-01	-1.3352e+00
2.6643e+02	2.0649e+00	2.6510e-01	-1.0706e+00	1.3871e+00	-7.8550e-01	-2.8550e-01	-1.3352e+00
2.6643e+02	2.0637e+00	2.6840e-01	-1.0725e+00	1.3880e+00	-7.8230e-01	-2.8890e-01	-1.3353e+00
2.6643e+02	2.0625e+00	2.7170e-01	-1.0744e+00	1.3889e+00	-7.7890e-01	-2.9230e-01	-1.3353e+00
2.6644e+02	2.0612e+00	2.7500e-01	-1.0763e+00	1.3898e+00	-7.7550e-01	-2.9560e-01	-1.3353e+00
2.6644e+02	2.0598e+00	2.7840e-01	-1.0782e+00	1.3907e+00	-7.7210e-01	-2.9890e-01	-1.3353e+00
2.6644e+02	2.0584e+00	2.8190e-01	-1.0800e+00	1.3916e+00	-7.6860e-01	-3.0220e-01	-1.3353e+00
2.6644e+02	2.0571e+00	2.8530e-01	-1.0818e+00	1.3925e+00	-7.6510e-01	-3.0560e-01	-1.3353e+00
2.6644e+02	2.0556e+00	2.8880e-01	-1.0835e+00	1.3934e+00	-7.6180e-01	-3.0890e-01	-1.3353e+00
2.6645e+02	2.0541e+00	2.9230e-01	-1.0852e+00	1.3943e+00	-7.5850e-01	-3.1230e-01	-1.3353e+00
2.6645e+02	2.0526e+00	2.9590e-01	-1.0870e+00	1.3951e+00	-7.5520e-01	-3.1560e-01	-1.3353e+00
2.6645e+02	2.0511e+00	2.9950e-01	-1.0886e+00	1.3959e+00	-7.5210e-01	-3.1890e-01	-1.3353e+00
2.6645e+02	2.0495e+00	3.0300e-01	-1.0901e+00	1.3967e+00	-7.4880e-01	-3.2210e-01	-1.3352e+00
2.6645e+02	2.0479e+00	3.0660e-01	-1.0917e+00	1.3974e+00	-7.4570e-01	-3.2520e-01	-1.3351e+00
2.6646e+02	2.0462e+00	3.1030e-01	-1.0931e+00	1.3981e+00	-7.4250e-01	-3.2830e-01	-1.3351e+00
2.6646e+02	2.0445e+00	3.1390e-01	-1.0945e+00	1.3989e+00	-7.3930e-01	-3.3150e-01	-1.3350e+00
2.6646e+02	2.0428e+00	3.1760e-01	-1.0959e+00	1.3996e+00	-7.3610e-01	-3.3470e-01	-1.3350e+00
2.6646e+02	2.0409e+00	3.2120e-01	-1.0971e+00	1.4003e+00	-7.3290e-01	-3.3790e-01	-1.3349e+00
2.6646e+02	2.0391e+00	3.2490e-01	-1.0982e+00	1.4010e+00	-7.2970e-01	-3.4110e-01	-1.3349e+00
2.6647e+02	2.0373e+00	3.2870e-01	-1.0994e+00	1.4016e+00	-7.2660e-01	-3.4410e-01	-1.3349e+00
2.6647e+02	2.0354e+00	3.3250e-01	-1.1006e+00	1.4022e+00	-7.2360e-01	-3.4710e-01	-1.3349e+00
2.6647e+02	2.0335e+00	3.3620e-01	-1.1016e+00	1.4028e+00	-7.2060e-01	-3.5010e-01	-1.3349e+00
2.6647e+02	2.0316e+00	3.4000e-01	-1.1027e+00	1.4033e+00	-7.1770e-01	-3.5300e-01	-1.3349e+00
2.6647e+02	2.0295e+00	3.4370e-01	-1.1035e+00	1.4038e+00	-7.1490e-01	-3.5590e-01	-1.3349e+00
2.6648e+02	2.0275e+00	3.4750e-01	-1.1043e+00	1.4043e+00	-7.1200e-01	-3.5880e-01	-1.3349e+00
2.6648e+02	2.0255e+00	3.5130e-01	-1.1053e+00	1.4048e+00	-7.0910e-01	-3.6180e-01	-1.3349e+00
2.6648e+02	2.0234e+00	3.5510e-01	-1.1060e+00	1.4053e+00	-7.0610e-01	-3.6470e-01	-1.3349e+00
2.6648e+02	2.0213e+00	3.5890e-01	-1.1067e+00	1.4057e+00	-7.0310e-01	-3.6770e-01	-1.3349e+00
2.6648e+02	2.0192e+00	3.6280e-01	-1.1074e+00	1.4062e+00	-7.0010e-01	-3.7050e-01	-1.3350e+00
2.6649e+02	2.0170e+00	3.6670e-01	-1.1079e+00	1.4066e+00	-6.9710e-01	-3.7340e-01	-1.3350e+00
2.6649e+02	2.0148e+00	3.7050e-01	-1.1083e+00	1.4070e+00	-6.9410e-01	-3.7610e-01	-1.3350e+00
2.6649e+02	2.0126e+00	3.7450e-01	-1.1089e+00	1.4074e+00	-6.9120e-01	-3.7880e-01	-1.3350e+00
2.6649e+02	2.0102e+00	3.7850e-01	-1.1092e+00	1.4077e+00	-6.8830e-01	-3.8150e-01	-1.3350e+00
2.6649e+02	2.0079e+00	3.8240e-01	-1.1096e+00	1.4081e+00	-6.8540e-01	-3.8410e-01	-1.3349e+00
2.6650e+02	2.0056e+00	3.8640e-01	-1.1101e+00	1.4084e+00	-6.8250e-01	-3.8680e-01	-1.3348e+00
2.6650e+02	2.0031e+00	3.9040e-01	-1.1102e+00	1.4086e+00	-6.7980e-01	-3.8940e-01	-1.3346e+00
2.6650e+02	2.0007e+00	3.9440e-01	-1.1103e+00	1.4089e+00	-6.7700e-01	-3.9210e-01	-1.3345e+00
2.6650e+02	1.9983e+00	3.9840e-01	-1.1105e+00	1.4091e+00	-6.7420e-01	-3.9480e-01	-1.3344e+00
2.6650e+02	1.9957e+00	4.0250e-01	-1.1105e+00	1.4094e+00	-6.7150e-01	-3.9750e-01	-1.3344e+00
2.6651e+02	1.9932e+00	4.0660e-01	-1.1105e+00	1.4097e+00	-6.6890e-01	-4.0020e-01	-1.3343e+00
2.6651e+02	1.9906e+00	4.1070e-01	-1.1105e+00	1.4099e+00	-6.6630e-01	-4.0280e-01	-1.3342e+00
2.6651e+02	1.9879e+00	4.1480e-01	-1.1103e+00	1.4101e+00	-6.6380e-01	-4.0540e-01	-1.3342e+00
2.6651e+02	1.9853e+00	4.1890e-01	-1.1099e+00	1.4101e+00	-6.6120e-01	-4.0790e-01	-1.3341e+00
2.6651e+02	1.9827e+00	4.2310e-01	-1.1097e+00	1.4102e+00	-6.5860e-01	-4.1050e-01	-1.3339e+00
2.6652e+02	1.9799e+00	4.2730e-01	-1.1092e+00	1.4103e+00	-6.5610e-01	-4.1290e-01	-1.3337e+00
2.6652e+02	1.9772e+00	4.3140e-01	-1.1088e+00	1.4104e+00	-6.5370e-01	-4.1540e-01	-1.3335e+00
2.6652e+02	1.9745e+00	4.3550e-01	-1.1084e+00	1.4105e+00	-6.5130e-01	-4.1770e-01	-1.3332e+00
2.6652e+02	1.9716e+00	4.3970e-01	-1.1076e+00	1.4105e+00	-6.4900e-01	-4.2010e-01	-1.3329e+00
2.6652e+02	1.9688e+00	4.4390e-01	-1.1069e+00	1.4105e+00	-6.4670e-01	-4.2240e-01	-1.3325e+00
2.6653e+02	1.9660e+00	4.4800e-01	-1.1063e+00	1.4105e+00	-6.4440e-01	-4.2460e-01	-1.3321e+00
2.6653e+02	1.9630e+00	4.5210e-01	-1.1053e+00	1.4104e+00	-6.4230e-01	-4.2690e-01	-1.3317e+00
2.6653e+02	1.9601e+00	4.5620e-01	-1.1043e+00	1.4104e+00	-6.4010e-01	-4.2900e-01	-1.3313e+00
2.6653e+02	1.9573e+00	4.6040e-01	-1.1035e+00	1.4103e+00	-6.3810e-01	-4.3110e-01	-1.3309e+00
2.6653e+02	1.9543e+00	4.6470e-01	-1.1024e+00	1.4103e+00	-6.3620e-01	-4.3310e-01	-1.3305e+00
2.6654e+02	1.9514e+00	4.6890e-01	-1.1012e+00	1.4101e+00	-6.3420e-01	-4.3520e-01	-1.3300e+00
2.6654e+02	1.9484e+00	4.7300e-01	-1.1001e+00	1.4100e+00	-6.3210e-01	-4.3720e-01	-1.3295e+00
2.6654e+02	1.9454e+00	4.7720e-01	-1.0987e+00	1.4099e+00	-6.3020e-01	-4.3920e-01	-1.3290e+00
2.6654e+02	1.9424e+00	4.8130e-01	-1.0974e+00	1.4098e+00	-6.2820e-01	-4.4110e-01	-1.3285e+00
2.6654e+02	1.9394e+00	4.8540e-01	-1.0961e+00	1.4097e+00	-6.2620e-01	-4.4300e-01	-1.3280e+00
2.6655e+02	1.9362e+00	4.8970e-01	-1.0945e+00	1.4095e+00	-6.2430e-01	-4.4480e-01	-1.3275e+00
2.6655e+02	1.9331e+00	4.9390e-01	-1.0929e+00	1.4093e+00	-6.2240e-01	-4.4650e-01	-1.3270e+00
2.6655e+02	1.9299e+00	4.9810e-01	-1.0914e+00	1.4091e+00	-6.2060e-01	-4.4810e-01	-1.3265e+00
2.6655e+02	1.9267e+00	5.0230e-01	-1.0896e+00	1.4089e+00	-6.1890e-01	-4.4960e-01	-1.3260e+00
2.6655e+02	1.9236e+00	5.0640e-01	-1.0877e+00	1.4087e+00	-6.1710e-01	-4.5090e-01	-1.3255e+00
2.6656e+02	1.9204e+00	5.1070e-01	-1.0860e+00	1.4085e+00	-6.1540e-01	-4.5220e-01	-1.3251e+00
2.6656e+02	1.9171e+00	5.1500e-01	-1.0839e+00	1.4083e+00	-6.1380e-01	-4.5350e-01	-1.3246e+00
2.6656e+02	1.9139e+00	5.1920e-01	-1.0820e+00	1.4081e+00	-6.1240e-01	-4.5470e-01	-1.3241e+00
2.6656e+02	1.9107e+00	5.2350e-01	-1.0800e+00	1.4079e+00	-6.1100e-01	-4.5600e-01	-1.3236e+00
2.6656e+02	1.9072e+00	5.2780e-01	-1.0778e+00	1.4076e+00	-6.0980e-01	-4.5720e-01	-1.3230e+00
2.6657e+02	1.9039e+00	5.3200e-01	-1.0756e+00	1.4073e+00	-6.0860e-01	-4.5830e-01	-1.3224e+00
2.6657e+02	1.9007e+00	5.3620e-01	-1.0735e+00	1.4070e+00	-6.0750e-01	-4.5930e-01	-1.3217e+00
2.6657e+02	1.8973e+00	5.4060e-01	-1.0710e+00	1.4067e+00	-6.0640e-01	-4.6020e-01	-1.3210e+00
2.6657e+02	1.8939e+00	5.4480e-01	-1.0687e+00	1.4063e+00	-6.0540e-01	-4.6100e-01	-1.3202e+00
2.6657e+02	1.8905e+00	5.4910e-01	-1.0665e+00	1.4060e+00	-6.0430e-01	-4.6190e-01	-1.3194e+00
2.6658e+02	1.8871e+00	5.5330e-01	-1.0641e+00	1.4056e+00	-6.0330e-01	-4.6260e-01	-1.3185e+00
2.6658e+02	1.8836e+00	5.5760e-01	-1.0616e+00	1.4052e+00	-6.0230e-01	-4.6330e-01	-1.3177e+00
2.6658e+02	1.8803e+00	5.6200e-01	-1.0591e+00	1.4048e+00	-6.0150e-01	-4.6390e-01	-1.3169e+00
2.6658e+02	1.8768e+00	5.6630e-01	-1.0565e+00	1.4044e+00	-6.0080e-01	-4.6440e-01	-1.3162e+00
2.6658e+02	1.8733e+00	5.7050e-01	-1.0540e+00	1.4040e+00	-6.0040e-01	-4.6480e-01	-1.3155e+00
2.6659e+02	1.8699e+00	5.7480e-01	-1.0514e+00	1.4036e+00	-6.0010e-01	-4.6500e-01	-1.3149e+00
2.6659e+02	1.8663e+00	5.7920e-01	-1.0486e+00	1.4032e+00	-5.9990e-01	-4.6510e-01	-1.3143e+00
2.6659e+02	1.8629e+00	5.8340e-01	-1.0459e+00	1.4028e+00	-5.9990e-01	-4.6510e-01	-1.3138e+00
2.6659e+02	1.8595e+00	5.8780e-01	-1.0432e+00	1.4023e+00	-5.9990e-01	-4.6500e-01	-1.3135e+00
2.6659e+02	1.8559e+00	5.9220e-01	-1.0402e+00	1.4018e+00	-5.9990e-01	-4.6490e-01	-1.3131e+00
2.6660e+02	1.8524e+00	5.9660e-01	-1.0372e+00	1.4012e+00	-5.9990e-01	-4.6460e-01	-1.3129e+00
2.6660e+02	1.8489e+00	6.0090e-01	-1.0345e+00	1.4007e+00	-5.9990e-01	-4.6440e-01	-1.3127e+00
2.6660e+02	1.8453e+00	6.0530e-01	-1.0315e+00	1.4001e+00	-6.0000e-01	-4.6420e-01	-1.3126e+00
2.6660e+02	1.8417e+00	6.0980e-01	-1.0284e+00	1.3996e+00	-6.0000e-01	-4.6390e-01	-1.3125e+00
2.6660e+02	1.8382e+00	6.1420e-01	-1.0253e+00	1.3990e+00	-6.0020e-01	-4.6350e-01	-1.3124e+00
2.6661e+02	1.8346e+00	6.1870e-01	-1.0221e+00	1.3985e+00	-6.0030e-01	-4.6310e-01	-1.3124e+00
2.6661e+02	1.8310e+00	6.2300e-01	-1.0191e+00	1.3979e+00	-6.0040e-01	-4.6260e-01	-1.3125e+00
2.6661e+02	1.8275e+00	6.2750e-01	-1.0161e+00	1.3973e+00	-6.0050e-01	-4.6200e-01	-1.3126e+00
2.6661e+02	1.8238e+00	6.3200e-01	-1.0128e+00	1.3967e+00	-6.0070e-01	-4.6140e-01	-1.3127e+00
2.6661e+02	1.8202e+00	6.3640e-01	-1.0097e+00	1.3961e+00	-6.0090e-01	-4.6080e-01	-1.3129e+00
2.6662e+02	1.8167e+00	6.4090e-01	-1.0066e+00	1.3955e+00	-6.0110e-01	-4.6020e-01	-1.3131e+00
2.6662e+02	1.8130e+00	6.4550e-01	-1.0031e+00	1.3950e+00	-6.0130e-01	-4.5960e-01	-1.3133e+00
2.6662e+02	1.8094e+00	6.5000e-01	-9.9970e-01	1.3945e+00	-6.0150e-01	-4.5900e-01	-1.3135e+00
2.6662e+02	1.8058e+00	6.5460e-01	-9.9650e-01	1.3939e+00	-6.0180e-01	-4.5840e-01	-1.3136e+00
2.6662e+02	1.8021e+00	6.5920e-01	-9.9300e-01	1.3934e+00	-6.0210e-01	-4.5780e-01	-1.3137e+00
2.6663e+02	1.7986e+00	6.6390e-01	-9.8950e-01	1.3929e+00	-6.0240e-01	-4.5720e-01	-1.3138e+00
2.6663e+02	1.7951e+00	6.6860e-01	-9.8610e-01	1.3925e+00	-6.0280e-01	-4.5650e-01	-1.3138e+00
2.6663e+02	1.7915e+00	6.7330e-01	-9.8250e-01	1.3920e+00	-6.0330e-01	-4.5570e-01	-1.3138e+00
2.6663e+02	1.7880e+00	6.7780e-01	-9.7900e-01	1.3914e+00	-6.0390e-01	-4.5480e-01	-1.3138e+00
2.6663e+02	1.7845e+00	6.8250e-01	-9.7550e-01	1.3908e+00	-6.0460e-01	-4.5390e-01	-1.3138e+00
2.6664e+02	1.7808e+00	6.8740e-01	-9.7180e-01	1.3903e+00	-6.0520e-01	-4.5300e-01	-1.3137e+00
2.6664e+02	1.7773e+00	6.9210e-01	-9.6810e-01	1.3898e+00	-6.0580e-01	-4.5220e-01	-1.3136e+00
2.6664e+02	1.7739e+00	6.9680e-01	-9.6470e-01	1.3893e+00	-6.0640e-01	-4.5140e-01	-1.3135e+00
2.6664e+02	1.7703e+00	7.0160e-01	-9.6100e-01	1.3888e+00	-6.0680e-01	-4.5080e-01	-1.3135e+00
2.6664e+02	1.7668e+00	7.0640e-01	-9.5730e-01	1.3883e+00	-6.0740e-01	-4.5020e-01	-1.3135e+00
2.6665e+02	1.7633e+00	7.1110e-01	-9.5380e-01	1.3878e+00	-6.0790e-01	-4.4960e-01	-1.3135e+00
2.6665e+02	1.7598e+00	7.1600e-01	-9.5000e-01	1.3874e+00	-6.0850e-01	-4.4900e-01	-1.3135e+00
2.6665e+02	1.7563e+00	7.2080e-01	-9.4620e-01	1.3869e+00	-6.0910e-01	-4.4830e-01	-1.3136e+00
2.6665e+02	1.7528e+00	7.2570e-01	-9.4250e-01	1.3865e+00	-6.0970e-01	-4.4750e-01	-1.3137e+00
2.6665e+02	1.7493e+00	7.3060e-01	-9.3870e-01	1.3861e+00	-6.1040e-01	-4.4670e-01	-1.3137e+00
2.6666e+02	1.7459e+00	7.3540e-01	-9.3500e-01	1.3857e+00	-6.1120e-01	-4.4580e-01	-1.3138e+00
2.6666e+02	1.7425e+00	7.4020e-01	-9.3130e-01	1.3854e+00	-6.1190e-01	-4.4490e-01	-1.3138e+00
2.6666e+02	1.7390e+00	7.4520e-01	-9.2730e-01	1.3851e+00	-6.1260e-01	-4.4400e-01	-1.3138e+00
2.6666e+02	1.7357e+00	7.5010e-01	-9.2340e-01	1.3848e+00	-6.1330e-01	-4.4310e-01	-1.3139e+00
2.6666e+02	1.7324e+00	7.5490e-01	-9.1970e-01	1.3845e+00	-6.1390e-01	-4.4240e-01	-1.3139e+00
2.6667e+02	1.7290e+00	7.5990e-01	-9.1580e-01	1.3842e+00	-6.1460e-01	-4.4160e-01	-1.3139e+00
2.6667e+02	1.7257e+00	7.6480e-01	-9.1180e-01	1.3838e+00	-6.1530e-01	-4.4090e-01	-1.3140e+00
2.6667e+02	1.7225e+00	7.6970e-01	-9.0800e-01	1.3835e+00	-6.1590e-01	-4.4020e-01	-1.3141e+00
2.6667e+02	1.7191e+00	7.7470e-01	-9.0390e-01	1.3832e+00	-6.1670e-01	-4.3950e-01	-1.3142e+00
2.6667e+02	1.7159e+00	7.7970e-01	-8.9980e-01	1.3829e+00	-6.1750e-01	-4.3870e-01	-1.3143e+00
2.6668e+02	1.7128e+00	7.8470e-01	-8.9580e-01	1.3826e+00	-6.1840e-01	-4.3780e-01	-1.3144e+00
2.6668e+02	1.7096e+00	7.8980e-01	-8.9170e-01	1.3824e+00	-6.1930e-01	-4.3690e-01	-1.3146e+00
2.6668e+02	1.7065e+00	7.9470e-01	-8.8780e-01	1.3821e+00	-6.2040e-01	-4.3580e-01	-1.3147e+00
2.6668e+02	1.7034e+00	7.9980e-01	-8.8390e-01	1.3818e+00	-6.2150e-01	-4.3480e-01	-1.3149e+00
2.6668e+02	1.7003e+00	8.0490e-01	-8.7970e-01	1.3815e+00	-6.2250e-01	-4.3370e-01	-1.3151e+00
2.6669e+02	1.6972e+00	8.0990e-01	-8.7560e-01	1.3812e+00	-6.2370e-01	-4.3260e-01	-1.3154e+00
2.6669e+02	1.6941e+00	8.1480e-01	-8.7170e-01	1.3809e+00	-6.2490e-01	-4.3140e-01	-1.3156e+00
2.6669e+02	1.6910e+00	8.1990e-01	-8.6750e-01	1.3806e+00	-6.2620e-01	-4.3020e-01	-1.3157e+00
2.6669e+02	1.6879e+00	8.2500e-01	-8.6340e-01	1.3803e+00	-6.2760e-01	-4.2890e-01	-1.3158e+00
2.6669e+02	1.6849e+00	8.3000e-01	-8.5950e-01	1.3800e+00	-6.2910e-01	-4.2750e-01	-1.3158e+00
2.6670e+02	1.6819e+00	8.3520e-01	-8.5510e-01	1.3796e+00	-6.3060e-01	-4.2610e-01	-1.3158e+00
2.6670e+02	1.6789e+00	8.4020e-01	-8.5090e-01	1.3793e+00	-6.3210e-01	-4.2460e-01	-1.3159e+00
2.6670e+02	1.6760e+00	8.4530e-01	-8.4680e-01	1.3789e+00	-6.3360e-01	-4.2300e-01	-1.3160e+00
2.6670e+02	1.6730e+00	8.5040e-01	-8.4260e-01	1.3785e+00	-6.3510e-01	-4.2150e-01	-1.3162e+00
2.6670e+02	1.6702e+00	8.5540e-01	-8.3860e-01	1.3781e+00	-6.3660e-01	-4.1990e-01	-1.3165e+00
2.6671e+02	1.6674e+00	8.6040e-01	-8.3460e-01	1.3777e+00	-6.3820e-01	-4.1830e-01	-1.3168e+00
2.6671e+02	1.6644e+00	8.6560e-01	-8.3030e-01	1.3773e+00	-6.3980e-01	-4.1680e-01	-1.3172e+00
2.6671e+02	1.6616e+00	8.7060e-01	-8.2610e-01	1.3769e+00	-6.4150e-01	-4.1520e-01	-1.3177e+00
2.6671e+02	1.6589e+00	8.7560e-01	-8.2220e-01	1.3765e+00	-6.4330e-01	-4.1350e-01	-1.3183e+00
2.6671e+02	1.6562e+00	8.8070e-01	-8.1790e-01	1.3760e+00	-6.4510e-01	-4.1180e-01	-1.3190e+00
2.6672e+02	1.6535e+00	8.8570e-01	-8.1360e-01	1.3755e+00	-6.4710e-01	-4.1000e-01	-1.3197e+00
2.6672e+02	1.6509e+00	8.9080e-01	-8.0950e-01	1.3750e+00	-6.4900e-01	-4.0800e-01	-1.3204e+00
2.6672e+02	1.6483e+00	8.9580e-01	-8.0520e-01	1.3745e+00	-6.5110e-01	-4.0600e-01	-1.3211e+00
2.6672e+02	1.6457e+00	9.0070e-01	-8.0110e-01	1.3741e+00	-6.5320e-01	-4.0400e-01	-1.3217e+00
2.6672e+02	1.6432e+00	9.0570e-01	-7.9710e-01	1.3736e+00	-6.5550e-01	-4.0190e-01	-1.3223e+00
2.6673e+02	1.6406e+00	9.1080e-01	-7.9290e-01	1.3731e+00	-6.5770e-01	-3.9990e-01	-1.3226e+00
2.6673e+02	1.6381e+00	9.1580e-01	-7.8880e-01	1.3725e+00	-6.5990e-01	-3.9780e-01	-1.3228e+00
2.6673e+02	1.6356e+00	9.2070e-01	-7.8480e-01	1.3719e+00	-6.6200e-01	-3.9570e-01	-1.3228e+00
2.6673e+02	1.6331e+00	9.2580e-01	-7.8060e-01	1.3713e+00	-6.6400e-01	-3.9370e-01	-1.3227e+00
2.6673e+02	1.6307e+00	9.3080e-01	-7.7650e-01	1.3706e+00	-6.6590e-01	-3.9180e-01	-1.3224e+00
2.6674e+02	1.6284e+00	9.3560e-01	-7.7270e-01	1.3698e+00	-6.6770e-01	-3.8990e-01	-1.3222e+00
2.6674e+02	1.6260e+00	9.4050e-01	-7.6860e-01	1.3691e+00	-6.6940e-01	-3.8810e-01	-1.3219e+00
2.6674e+02	1.6237e+00	9.4540e-01	-7.6450e-01	1.3683e+00	-6.7100e-01	-3.8650e-01	-1.3216e+00
2.6674e+02	1.6215e+00	9.5040e-01	-7.6050e-01	1.3675e+00	-6.7250e-01	-3.8480e-01	-1.3214e+00
2.6674e+02	1.6191e+00	9.5530e-01	-7.5650e-01	1.3668e+00	-6.7420e-01	-3.8320e-01	-1.3212e+00
2.6675e+02	1.6169e+00	9.6010e-01	-7.5260e-01	1.3659e+00	-6.7580e-01	-3.8140e-01	-1.3210e+00
2.6675e+02	1.6147e+00	9.6490e-01	-7.4870e-01	1.3650e+00	-6.7740e-01	-3.7960e-01	-1.3207e+00
2.6675e+02	1.6126e+00	9.6980e-01	-7.4470e-01	1.3641e+00	-6.7890e-01	-3.7790e-01	-1.3203e+00
2.6675e+02	1.6104e+00	9.7450e-01	-7.4080e-01	1.3631e+00	-6.8040e-01	-3.7630e-01	-1.3195e+00
2.6675e+02	1.6084e+00	9.7930e-01	-7.3700e-01	1.3620e+00	-6.8160e-01	-3.7490e-01	-1.3185e+00
2.6676e+02	1.6063e+00	9.8420e-01	-7.3300e-01	1.3609e+00	-6.8260e-01	-3.7360e-01	-1.3172e+00
2.6676e+02	1.6043e+00	9.8900e-01	-7.2920e-01	1.3595e+00	-6.8350e-01	-3.7240e-01	-1.3156e+00
2.6676e+02	1.6024e+00	9.9370e-01	-7.2560e-01	1.3582e+00	-6.8410e-01	-3.7140e-01	-1.3139e+00
2.6676e+02	1.6005e+00	9.9840e-01	-7.2190e-01	1.3568e+00	-6.8460e-01	-3.7050e-01	-1.3121e+00
2.6676e+02	1.5986e+00	1.0030e+00	-7.1820e-01	1.3553e+00	-6.8480e-01	-3.6960e-01	-1.3103e+00
2.6677e+02	1.5967e+00	1.0076e+00	-7.1470e-01	1.3537e+00	-6.8470e-01	-3.6880e-01	-1.3086e+00
2.6677e+02	1.5949e+00	1.0121e+00	-7.1130e-01	1.3521e+00	-6.8450e-01	-3.6800e-01	-1.3070e+00
2.6677e+02	1.5931e+00	1.0166e+00	-7.0810e-01	1.3503e+00	-6.8420e-01	-3.6730e-01	-1.3055e+00
2.6677e+02	1.5914e+00	1.0210e+00	-7.0500e-01	1.3485e+00	-6.8370e-01	-3.6660e-01	-1.3043e+00
2.6677e+02	1.5896e+00	1.0254e+00	-7.0170e-01	1.3467e+00	-6.8300e-01	-3.6600e-01	-1.3034e+00
2.6678e+02	1.5880e+00	1.0297e+00	-6.9870e-01	1.3448e+00	-6.8230e-01	-3.6540e-01	-1.3027e+00
2.6678e+02	1.5864e+00	1.0340e+00	-6.9580e-01	1.3428e+00	-6.8150e-01	-3.6500e-01	-1.3023e+00
2.6678e+02	1.5847e+00	1.0384e+00	-6.9270e-01	1.3409e+00	-6.8080e-01	-3.6460e-01	-1.3022e+00
2.6678e+02	1.5832e+00	1.0426e+00	-6.8990e-01	1.3388e+00	-6.8010e-01	-3.6450e-01	-1.3022e+00
2.6678e+02	1.5817e+00	1.0468e+00	-6.8730e-01	1.3367e+00	-6.7950e-01	-3.6440e-01	-1.3024e+00
2.6679e+02	1.5802e+00	1.0509e+00	-6.8460e-01	1.3345e+00	-6.7890e-01	-3.6460e-01	-1.3027e+00
2.6679e+02	1.5788e+00	1.0550e+00	-6.8210e-01	1.3323e+00	-6.7840e-01	-3.6490e-01	-1.3031e+00
2.6679e+02	1.5775e+00	1.0591e+00	-6.7970e-01	1.3300e+00	-6.7790e-01	-3.6540e-01	-1.3036e+00
2.6679e+02	1.5762e+00	1.0631e+00	-6.7730e-01	1.3278e+00	-6.7750e-01	-3.6600e-01	-1.3040e+00
2.6679e+02	1.5749e+00	1.0669e+00	-6.7520e-01	1.3253e+00	-6.7710e-01	-3.6670e-01	-1.3045e+00
2.6680e+02	1.5737e+00	1.0708e+00	-6.7330e-01	1.3229e+00	-6.7670e-01	-3.6730e-01	-1.3049e+00
2.6680e+02	1.5725e+00	1.0748e+00	-6.7120e-01	1.3205e+00	-6.7640e-01	-3.6800e-01	-1.3053e+00
2.6680e+02	1.5714e+00	1.0785e+00	-6.6940e-01	1.3179e+00	-6.7610e-01	-3.6880e-01	-1.3056e+00
2.6680e+02	1.5704e+00	1.0822e+00	-6.6780e-01	1.3154e+00	-6.7580e-01	-3.6950e-01	-1.3058e+00
2.6680e+02	1.5694e+00	1.0858e+00	-6.6610e-01	1.3129e+00	-6.7570e-01	-3.7040e-01	-1.3060e+00
2.6681e+02	1.5685e+00	1.0894e+00	-6.6460e-01	1.3102e+00	-6.7550e-01	-3.7140e-01	-1.3062e+00
2.6681e+02	1.5676e+00	1.0929e+00	-6.6340e-01	1.3075e+00	-6.7550e-01	-3.7240e-01	-1.3064e+00
2.6681e+02	1.5667e+00	1.0964e+00	-6.6210e-01	1.3049e+00	-6.7560e-01	-3.7360e-01	-1.3067e+00
2.6681e+02	1.5660e+00	1.0998e+00	-6.6080e-01	1.3021e+00	-6.7580e-01	-3.7490e-01	-1.3071e+00
2.6681e+02	1.5653e+00	1.1031e+00	-6.5970e-01	1.2995e+00	-6.7610e-01	-3.7640e-01	-1.3075e+00
2.6682e+02	1.5646e+00	1.1063e+00	-6.5870e-01	1.2968e+00	-6.7650e-01	-3.7790e-01	-1.3080e+00
2.6682e+02	1.5640e+00	1.1094e+00	-6.5780e-01	1.2940e+00	-6.7700e-01	-3.7960e-01	-1.3085e+00
2.6682e+02	1.5634e+00	1.1125e+00	-6.5700e-01	1.2912e+00	-6.7760e-01	-3.8140e-01	-1.3090e+00
2.6682e+02	1.5629e+00	1.1156e+00	-6.5610e-01	1.2884e+00	-6.7840e-01	-3.8330e-01	-1.3096e+00
2.6682e+02	1.5625e+00	1.1185e+00	-6.5540e-01	1.2856e+00	-6.7930e-01	-3.8530e-01	-1.3100e+00
2.6683e+02	1.5620e+00	1.1214e+00	-6.5500e-01	1.2828e+00	-6.8020e-01	-3.8740e-01	-1.3104e+00
2.6683e+02	1.5617e+00	1.1242e+00	-6.5440e-01	1.2800e+00	-6.8110e-01	-3.8970e-01	-1.3107e+00
2.6683e+02	1.5613e+00	1.1269e+00	-6.5390e-01	1.2771e+00	-6.8200e-01	-3.9220e-01	-1.3110e+00
2.6683e+02	1.5611e+00	1.1295e+00	-6.5370e-01	1.2743e+00	-6.8280e-01	-3.9470e-01	-1.3111e+00
2.6683e+02	1.5608e+00	1.1321e+00	-6.5340e-01	1.2714e+00	-6.8360e-01	-3.9740e-01	-1.3112e+00
2.6684e+02	1.5607e+00	1.1346e+00	-6.5320e-01	1.2686e+00	-6.8440e-01	-4.0030e-01	-1.3113e+00
2.6684e+02	1.5606e+00	1.1370e+00	-6.5320e-01	1.2657e+00	-6.8500e-01	-4.0330e-01	-1.3113e+00
2.6684e+02	1.5606e+00	1.1393e+00	-6.5310e-01	1.2629e+00	-6.8580e-01	-4.0650e-01	-1.3113e+00
2.6684e+02	1.5606e+00	1.1415e+00	-6.5310e-01	1.2600e+00	-6.8660e-01	-4.0990e-01	-1.3112e+00
2.6684e+02	1.5606e+00	1.1437e+00	-6.5320e-01	1.2572e+00	-6.8760e-01	-4.1330e-01	-1.3112e+00
2.6685e+02	1.5606e+00	1.1458e+00	-6.5330e-01	1.2545e+00	-6.8870e-01	-4.1670e-01	-1.3111e+00
2.6685e+02	1.5607e+00	1.1479e+00	-6.5350e-01	1.2517e+00	-6.8980e-01	-4.2000e-01	-1.3109e+00
2.6685e+02	1.5608e+00	1.1498e+00	-6.5390e-01	1.2490e+00	-6.9090e-01	-4.2330e-01	-1.3107e+00
2.6685e+02	1.5608e+00	1.1517e+00	-6.5410e-01	1.2462e+00	-6.9210e-01	-4.2660e-01	-1.3103e+00
2.6685e+02	1.5609e+00	1.1534e+00	-6.5450e-01	1.2434e+00	-6.9320e-01	-4.2990e-01	-1.3099e+00
2.6686e+02	1.5610e+00	1.1551e+00	-6.5490e-01	1.2406e+00	-6.9420e-01	-4.3320e-01	-1.3094e+00
2.6686e+02	1.5612e+00	1.1567e+00	-6.5510e-01	1.2377e+00	-6.9530e-01	-4.3670e-01	-1.3089e+00
2.6686e+02	1.5614e+00	1.1582e+00	-6.5540e-01	1.2348e+00	-6.9640e-01	-4.4020e-01	-1.3084e+00
2.6686e+02	1.5616e+00	1.1596e+00	-6.5580e-01	1.2319e+00	-6.9750e-01	-4.4370e-01	-1.3080e+00
2.6686e+02	1.5619e+00	1.1609e+00	-6.5610e-01	1.2290e+00	-6.9880e-01	-4.4720e-01	-1.3075e+00
2.6687e+02	1.5622e+00	1.1622e+00	-6.5650e-01	1.2261e+00	-7.0020e-01	-4.5080e-01	-1.3072e+00
2.6687e+02	1.5626e+00	1.1633e+00	-6.5680e-01	1.2232e+00	-7.0180e-01	-4.5440e-01	-1.3068e+00
2.6687e+02	1.5629e+00	1.1645e+00	-6.5710e-01	1.2203e+00	-7.0350e-01	-4.5790e-01	-1.3064e+00
