2.6687e+02	1.5633e+00	1.1655e+00	-6.5740e-01	1.2172e+00	-7.0530e-01	-4.6140e-01	-1.3061e+00
2.6687e+02	1.5638e+00	1.1665e+00	-6.5780e-01	1.2142e+00	-7.0700e-01	-4.6490e-01	-1.3057e+00
2.6688e+02	1.5642e+00	1.1674e+00	-6.5820e-01	1.2112e+00	-7.0870e-01	-4.6830e-01	-1.3054e+00
2.6688e+02	1.5647e+00	1.1681e+00	-6.5860e-01	1.2081e+00	-7.1020e-01	-4.7170e-01	-1.3051e+00
2.6688e+02	1.5652e+00	1.1688e+00	-6.5900e-01	1.2051e+00	-7.1170e-01	-4.7490e-01	-1.3048e+00
2.6688e+02	1.5657e+00	1.1695e+00	-6.5940e-01	1.2022e+00	-7.1320e-01	-4.7800e-01	-1.3047e+00
2.6688e+02	1.5662e+00	1.1700e+00	-6.5980e-01	1.1990e+00	-7.1480e-01	-4.8130e-01	-1.3046e+00
2.6689e+02	1.5667e+00	1.1705e+00	-6.6020e-01	1.1960e+00	-7.1640e-01	-4.8460e-01	-1.3045e+00
2.6689e+02	1.5673e+00	1.1709e+00	-6.6050e-01	1.1930e+00	-7.1800e-01	-4.8790e-01	-1.3046e+00
2.6689e+02	1.5679e+00	1.1712e+00	-6.6090e-01	1.1899e+00	-7.1970e-01	-4.9120e-01	-1.3047e+00
2.6689e+02	1.5684e+00	1.1714e+00	-6.6130e-01	1.1869e+00	-7.2150e-01	-4.9450e-01	-1.3048e+00
2.6689e+02	1.5690e+00	1.1716e+00	-6.6170e-01	1.1838e+00	-7.2340e-01	-4.9760e-01	-1.3049e+00
2.6690e+02	1.5696e+00	1.1717e+00	-6.6200e-01	1.1807e+00	-7.2540e-01	-5.0050e-01	-1.3050e+00
2.6690e+02	1.5702e+00	1.1718e+00	-6.6240e-01	1.1777e+00	-7.2730e-01	-5.0300e-01	-1.3051e+00
2.6690e+02	1.5708e+00	1.1718e+00	-6.6270e-01	1.1747e+00	-7.2940e-01	-5.0520e-01	-1.3051e+00
2.6690e+02	1.5714e+00	1.1717e+00	-6.6290e-01	1.1714e+00	-7.3170e-01	-5.0730e-01	-1.3051e+00
2.6690e+02	1.5720e+00	1.1716e+00	-6.6310e-01	1.1683e+00	-7.3410e-01	-5.0920e-01	-1.3051e+00
2.6691e+02	1.5726e+00	1.1715e+00	-6.6320e-01	1.1651e+00	-7.3650e-01	-5.1090e-01	-1.3050e+00
2.6691e+02	1.5733e+00	1.1713e+00	-6.6330e-01	1.1618e+00	-7.3890e-01	-5.1260e-01	-1.3048e+00
2.6691e+02	1.5739e+00	1.1710e+00	-6.6350e-01	1.1584e+00	-7.4120e-01	-5.1430e-01	-1.3047e+00
2.6691e+02	1.5746e+00	1.1707e+00	-6.6360e-01	1.1550e+00	-7.4340e-01	-5.1590e-01	-1.3046e+00
2.6691e+02	1.5752e+00	1.1703e+00	-6.6380e-01	1.1517e+00	-7.4540e-01	-5.1730e-01	-1.3046e+00
2.6692e+02	1.5759e+00	1.1699e+00	-6.6390e-01	1.1485e+00	-7.4730e-01	-5.1870e-01	-1.3046e+00
2.6692e+02	1.5766e+00	1.1694e+00	-6.6410e-01	1.1452e+00	-7.4910e-01	-5.1990e-01	-1.3047e+00
2.6692e+02	1.5773e+00	1.1689e+00	-6.6420e-01	1.1416e+00	-7.5080e-01	-5.2110e-01	-1.3048e+00
2.6692e+02	1.5780e+00	1.1682e+00	-6.6430e-01	1.1381e+00	-7.5240e-01	-5.2230e-01	-1.3049e+00
2.6692e+02	1.5788e+00	1.1675e+00	-6.6440e-01	1.1346e+00	-7.5380e-01	-5.2340e-01	-1.3051e+00
2.6693e+02	1.5796e+00	1.1668e+00	-6.6460e-01	1.1310e+00	-7.5540e-01	-5.2440e-01	-1.3054e+00
2.6693e+02	1.5803e+00	1.1660e+00	-6.6460e-01	1.1275e+00	-7.5690e-01	-5.2540e-01	-1.3057e+00
2.6693e+02	1.5811e+00	1.1652e+00	-6.6460e-01	1.1239e+00	-7.5830e-01	-5.2640e-01	-1.3061e+00
2.6693e+02	1.5819e+00	1.1643e+00	-6.6470e-01	1.1203e+00	-7.5960e-01	-5.2740e-01	-1.3066e+00
2.6693e+02	1.5827e+00	1.1633e+00	-6.6480e-01	1.1167e+00	-7.6070e-01	-5.2830e-01	-1.3071e+00
2.6694e+02	1.5835e+00	1.1623e+00	-6.6490e-01	1.1132e+00	-7.6180e-01	-5.2910e-01	-1.3076e+00
2.6694e+02	1.5842e+00	1.1614e+00	-6.6500e-01	1.1096e+00	-7.6290e-01	-5.2990e-01	-1.3081e+00
2.6694e+02	1.5849e+00	1.1603e+00	-6.6510e-01	1.1061e+00	-7.6390e-01	-5.3060e-01	-1.3086e+00
2.6694e+02	1.5857e+00	1.1592e+00	-6.6530e-01	1.1027e+00	-7.6480e-01	-5.3130e-01	-1.3091e+00
2.6694e+02	1.5865e+00	1.1581e+00	-6.6540e-01	1.0991e+00	-7.6560e-01	-5.3180e-01	-1.3096e+00
2.6695e+02	1.5873e+00	1.1570e+00	-6.6550e-01	1.0957e+00	-7.6640e-01	-5.3210e-01	-1.3102e+00
2.6695e+02	1.5881e+00	1.1559e+00	-6.6560e-01	1.0923e+00	-7.6710e-01	-5.3230e-01	-1.3110e+00
2.6695e+02	1.5889e+00	1.1547e+00	-6.6580e-01	1.0887e+00	-7.6770e-01	-5.3250e-01	-1.3120e+00
2.6695e+02	1.5898e+00	1.1534e+00	-6.6590e-01	1.0853e+00	-7.6820e-01	-5.3240e-01	-1.3132e+00
2.6695e+02	1.5907e+00	1.1520e+00	-6.6600e-01	1.0819e+00	-7.6860e-01	-5.3240e-01	-1.3146e+00
2.6696e+02	1.5916e+00	1.1507e+00	-6.6610e-01	1.0786e+00	-7.6890e-01	-5.3220e-01	-1.3161e+00
2.6696e+02	1.5925e+00	1.1492e+00	-6.6610e-01	1.0753e+00	-7.6910e-01	-5.3200e-01	-1.3177e+00
2.6696e+02	1.5935e+00	1.1478e+00	-6.6630e-01	1.0721e+00	-7.6920e-01	-5.3180e-01	-1.3195e+00
2.6696e+02	1.5945e+00	1.1464e+00	-6.6640e-01	1.0688e+00	-7.6940e-01	-5.3170e-01	-1.3213e+00
2.6696e+02	1.5955e+00	1.1449e+00	-6.6660e-01	1.0658e+00	-7.6960e-01	-5.3150e-01	-1.3233e+00
2.6697e+02	1.5965e+00	1.1434e+00	-6.6680e-01	1.0627e+00	-7.6990e-01	-5.3130e-01	-1.3254e+00
2.6697e+02	1.5976e+00	1.1418e+00	-6.6700e-01	1.0596e+00	-7.7020e-01	-5.3110e-01	-1.3275e+00
2.6697e+02	1.5986e+00	1.1402e+00	-6.6710e-01	1.0567e+00	-7.7050e-01	-5.3080e-01	-1.3297e+00
2.6697e+02	1.5996e+00	1.1385e+00	-6.6740e-01	1.0538e+00	-7.7100e-01	-5.3040e-01	-1.3320e+00
2.6697e+02	1.6007e+00	1.1369e+00	-6.6760e-01	1.0510e+00	-7.7150e-01	-5.2980e-01	-1.3343e+00
2.6698e+02	1.6017e+00	1.1352e+00	-6.6790e-01	1.0482e+00	-7.7220e-01	-5.2920e-01	-1.3365e+00
2.6698e+02	1.6028e+00	1.1335e+00	-6.6820e-01	1.0455e+00	-7.7300e-01	-5.2840e-01	-1.3386e+00
2.6698e+02	1.6039e+00	1.1318e+00	-6.6860e-01	1.0428e+00	-7.7390e-01	-5.2760e-01	-1.3406e+00
2.6698e+02	1.6049e+00	1.1300e+00	-6.6890e-01	1.0402e+00	-7.7480e-01	-5.2670e-01	-1.3424e+00
2.6698e+02	1.6061e+00	1.1282e+00	-6.6940e-01	1.0376e+00	-7.7580e-01	-5.2590e-01	-1.3441e+00
2.6699e+02	1.6072e+00	1.1264e+00	-6.6990e-01	1.0351e+00	-7.7670e-01	-5.2500e-01	-1.3458e+00
2.6699e+02	1.6083e+00	1.1246e+00	-6.7030e-01	1.0326e+00	-7.7760e-01	-5.2410e-01	-1.3474e+00
2.6699e+02	1.6095e+00	1.1227e+00	-6.7080e-01	1.0302e+00	-7.7840e-01	-5.2330e-01	-1.3489e+00
2.6699e+02	1.6106e+00	1.1208e+00	-6.7130e-01	1.0279e+00	-7.7920e-01	-5.2260e-01	-1.3506e+00
2.6699e+02	1.6117e+00	1.1188e+00	-6.7180e-01	1.0256e+00	-7.7990e-01	-5.2180e-01	-1.3523e+00
2.6700e+02	1.6130e+00	1.1168e+00	-6.7240e-01	1.0234e+00	-7.8060e-01	-5.2110e-01	-1.3541e+00
2.6700e+02	1.6141e+00	1.1148e+00	-6.7310e-01	1.0212e+00	-7.8120e-01	-5.2040e-01	-1.3561e+00
2.6700e+02	1.6153e+00	1.1128e+00	-6.7370e-01	1.0191e+00	-7.8180e-01	-5.1970e-01	-1.3582e+00
2.6700e+02	1.6165e+00	1.1107e+00	-6.7450e-01	1.0171e+00	-7.8230e-01	-5.1890e-01	-1.3603e+00
2.6700e+02	1.6177e+00	1.1087e+00	-6.7520e-01	1.0150e+00	-7.8280e-01	-5.1820e-01	-1.3625e+00
2.6701e+02	1.6189e+00	1.1066e+00	-6.7590e-01	1.0131e+00	-7.8330e-01	-5.1740e-01	-1.3646e+00
2.6701e+02	1.6201e+00	1.1044e+00	-6.7680e-01	1.0111e+00	-7.8390e-01	-5.1670e-01	-1.3668e+00
2.6701e+02	1.6213e+00	1.1023e+00	-6.7760e-01	1.0092e+00	-7.8470e-01	-5.1590e-01	-1.3688e+00
2.6701e+02	1.6225e+00	1.1002e+00	-6.7840e-01	1.0074e+00	-7.8570e-01	-5.1500e-01	-1.3708e+00
2.6701e+02	1.6237e+00	1.0981e+00	-6.7930e-01	1.0056e+00	-7.8690e-01	-5.1410e-01	-1.3727e+00
2.6702e+02	1.6250e+00	1.0959e+00	-6.8030e-01	1.0039e+00	-7.8820e-01	-5.1310e-01	-1.3744e+00
2.6702e+02	1.6262e+00	1.0938e+00	-6.8120e-01	1.0022e+00	-7.8950e-01	-5.1190e-01	-1.3760e+00
2.6702e+02	1.6274e+00	1.0915e+00	-6.8220e-01	1.0006e+00	-7.9090e-01	-5.1070e-01	-1.3774e+00
2.6702e+02	1.6286e+00	1.0893e+00	-6.8320e-01	9.9890e-01	-7.9250e-01	-5.0940e-01	-1.3786e+00
2.6702e+02	1.6298e+00	1.0870e+00	-6.8420e-01	9.9730e-01	-7.9400e-01	-5.0810e-01	-1.3798e+00
2.6703e+02	1.6311e+00	1.0848e+00	-6.8540e-01	9.9590e-01	-7.9550e-01	-5.0680e-01	-1.3809e+00
2.6703e+02	1.6322e+00	1.0825e+00	-6.8640e-01	9.9450e-01	-7.9710e-01	-5.0530e-01	-1.3819e+00
2.6703e+02	1.6334e+00	1.0803e+00	-6.8750e-01	9.9310e-01	-7.9870e-01	-5.0390e-01	-1.3829e+00
2.6703e+02	1.6347e+00	1.0779e+00	-6.8880e-01	9.9190e-01	-8.0030e-01	-5.0240e-01	-1.3840e+00
2.6703e+02	1.6359e+00	1.0756e+00	-6.8990e-01	9.9060e-01	-8.0210e-01	-5.0090e-01	-1.3851e+00
2.6704e+02	1.6371e+00	1.0733e+00	-6.9100e-01	9.8940e-01	-8.0380e-01	-4.9940e-01	-1.3862e+00
2.6704e+02	1.6383e+00	1.0709e+00	-6.9230e-01	9.8830e-01	-8.0540e-01	-4.9790e-01	-1.3875e+00
2.6704e+02	1.6395e+00	1.0685e+00	-6.9360e-01	9.8720e-01	-8.0700e-01	-4.9640e-01	-1.3889e+00
2.6704e+02	1.6407e+00	1.0662e+00	-6.9490e-01	9.8620e-01	-8.0860e-01	-4.9490e-01	-1.3904e+00
2.6704e+02	1.6420e+00	1.0637e+00	-6.9630e-01	9.8540e-01	-8.1030e-01	-4.9330e-01	-1.3921e+00
2.6705e+02	1.6432e+00	1.0613e+00	-6.9750e-01	9.8460e-01	-8.1210e-01	-4.9160e-01	-1.3938e+00
2.6705e+02	1.6445e+00	1.0589e+00	-6.9880e-01	9.8400e-01	-8.1400e-01	-4.8990e-01	-1.3957e+00
2.6705e+02	1.6457e+00	1.0565e+00	-7.0020e-01	9.8340e-01	-8.1580e-01	-4.8820e-01	-1.3976e+00
2.6705e+02	1.6470e+00	1.0540e+00	-7.0150e-01	9.8290e-01	-8.1780e-01	-4.8650e-01	-1.3995e+00
2.6705e+02	1.6482e+00	1.0516e+00	-7.0280e-01	9.8260e-01	-8.1980e-01	-4.8490e-01	-1.4015e+00
2.6706e+02	1.6495e+00	1.0491e+00	-7.0430e-01	9.8230e-01	-8.2190e-01	-4.8320e-01	-1.4035e+00
2.6706e+02	1.6507e+00	1.0466e+00	-7.0570e-01	9.8210e-01	-8.2400e-01	-4.8150e-01	-1.4054e+00
2.6706e+02	1.6519e+00	1.0441e+00	-7.0700e-01	9.8200e-01	-8.2620e-01	-4.7980e-01	-1.4073e+00
2.6706e+02	1.6532e+00	1.0415e+00	-7.0840e-01	9.8210e-01	-8.2830e-01	-4.7800e-01	-1.4092e+00
2.6706e+02	1.6544e+00	1.0390e+00	-7.0990e-01	9.8210e-01	-8.3030e-01	-4.7620e-01	-1.4110e+00
2.6707e+02	1.6557e+00	1.0364e+00	-7.1130e-01	9.8230e-01	-8.3240e-01	-4.7440e-01	-1.4127e+00
2.6707e+02	1.6569e+00	1.0338e+00	-7.1280e-01	9.8240e-01	-8.3430e-01	-4.7260e-01	-1.4144e+00
2.6707e+02	1.6581e+00	1.0313e+00	-7.1430e-01	9.8270e-01	-8.3630e-01	-4.7070e-01	-1.4161e+00
2.6707e+02	1.6593e+00	1.0287e+00	-7.1570e-01	9.8310e-01	-8.3840e-01	-4.6870e-01	-1.4176e+00
2.6707e+02	1.6605e+00	1.0260e+00	-7.1720e-01	9.8350e-01	-8.4050e-01	-4.6670e-01	-1.4191e+00
2.6708e+02	1.6617e+00	1.0235e+00	-7.1870e-01	9.8410e-01	-8.4270e-01	-4.6460e-01	-1.4205e+00
2.6708e+02	1.6629e+00	1.0209e+00	-7.2010e-01	9.8470e-01	-8.4500e-01	-4.6240e-01	-1.4218e+00
2.6708e+02	1.6641e+00	1.0183e+00	-7.2180e-01	9.8550e-01	-8.4740e-01	-4.6020e-01	-1.4231e+00
2.6708e+02	1.6653e+00	1.0157e+00	-7.2330e-01	9.8630e-01	-8.4990e-01	-4.5790e-01	-1.4242e+00
2.6708e+02	1.6664e+00	1.0132e+00	-7.2470e-01	9.8730e-01	-8.5250e-01	-4.5550e-01	-1.4253e+00
2.6709e+02	1.6676e+00	1.0105e+00	-7.2620e-01	9.8830e-01	-8.5520e-01	-4.5300e-01	-1.4263e+00
2.6709e+02	1.6688e+00	1.0079e+00	-7.2770e-01	9.8930e-01	-8.5790e-01	-4.5050e-01	-1.4273e+00
2.6709e+02	1.6700e+00	1.0053e+00	-7.2920e-01	9.9040e-01	-8.6060e-01	-4.4780e-01	-1.4282e+00
2.6709e+02	1.6712e+00	1.0027e+00	-7.3070e-01	9.9160e-01	-8.6320e-01	-4.4510e-01	-1.4291e+00
2.6709e+02	1.6723e+00	1.0001e+00	-7.3220e-01	9.9290e-01	-8.6580e-01	-4.4230e-01	-1.4298e+00
2.6710e+02	1.6735e+00	9.9750e-01	-7.3360e-01	9.9430e-01	-8.6860e-01	-4.3950e-01	-1.4305e+00
2.6710e+02	1.6746e+00	9.9480e-01	-7.3510e-01	9.9580e-01	-8.7130e-01	-4.3670e-01	-1.4311e+00
2.6710e+02	1.6757e+00	9.9220e-01	-7.3650e-01	9.9750e-01	-8.7410e-01	-4.3390e-01	-1.4317e+00
2.6710e+02	1.6768e+00	9.8950e-01	-7.3790e-01	9.9920e-01	-8.7690e-01	-4.3120e-01	-1.4322e+00
2.6710e+02	1.6779e+00	9.8680e-01	-7.3950e-01	1.0010e+00	-8.7980e-01	-4.2840e-01	-1.4327e+00
2.6711e+02	1.6790e+00	9.8420e-01	-7.4100e-01	1.0029e+00	-8.8270e-01	-4.2550e-01	-1.4331e+00
2.6711e+02	1.6800e+00	9.8150e-01	-7.4240e-01	1.0048e+00	-8.8560e-01	-4.2260e-01	-1.4336e+00
2.6711e+02	1.6811e+00	9.7880e-01	-7.4390e-01	1.0069e+00	-8.8840e-01	-4.1960e-01	-1.4341e+00
2.6711e+02	1.6821e+00	9.7610e-01	-7.4530e-01	1.0092e+00	-8.9140e-01	-4.1670e-01	-1.4346e+00
2.6711e+02	1.6831e+00	9.7340e-01	-7.4670e-01	1.0115e+00	-8.9420e-01	-4.1380e-01	-1.4350e+00
2.6712e+02	1.6842e+00	9.7080e-01	-7.4820e-01	1.0139e+00	-8.9710e-01	-4.1090e-01	-1.4354e+00
2.6712e+02	1.6852e+00	9.6820e-01	-7.4960e-01	1.0166e+00	-9.0010e-01	-4.0800e-01	-1.4358e+00
2.6712e+02	1.6863e+00	9.6550e-01	-7.5100e-01	1.0193e+00	-9.0300e-01	-4.0510e-01	-1.4362e+00
2.6712e+02	1.6873e+00	9.6280e-01	-7.5250e-01	1.0220e+00	-9.0590e-01	-4.0220e-01	-1.4365e+00
2.6712e+02	1.6883e+00	9.6010e-01	-7.5390e-01	1.0250e+00	-9.0870e-01	-3.9930e-01	-1.4368e+00
2.6713e+02	1.6893e+00	9.5750e-01	-7.5530e-01	1.0279e+00	-9.1160e-01	-3.9650e-01	-1.4370e+00
2.6713e+02	1.6904e+00	9.5480e-01	-7.5670e-01	1.0310e+00	-9.1430e-01	-3.9370e-01	-1.4372e+00
2.6713e+02	1.6913e+00	9.5210e-01	-7.5810e-01	1.0343e+00	-9.1710e-01	-3.9090e-01	-1.4374e+00
2.6713e+02	1.6923e+00	9.4950e-01	-7.5940e-01	1.0376e+00	-9.1980e-01	-3.8820e-01	-1.4375e+00
2.6713e+02	1.6933e+00	9.4690e-01	-7.6080e-01	1.0410e+00	-9.2240e-01	-3.8550e-01	-1.4376e+00
2.6714e+02	1.6943e+00	9.4420e-01	-7.6220e-01	1.0447e+00	-9.2510e-01	-3.8280e-01	-1.4376e+00
2.6714e+02	1.6952e+00	9.4160e-01	-7.6360e-01	1.0484e+00	-9.2760e-01	-3.8030e-01	-1.4376e+00
2.6714e+02	1.6962e+00	9.3900e-01	-7.6500e-01	1.0522e+00	-9.2990e-01	-3.7780e-01	-1.4377e+00
2.6714e+02	1.6971e+00	9.3650e-01	-7.6640e-01	1.0562e+00	-9.3220e-01	-3.7550e-01	-1.4377e+00
2.6714e+02	1.6980e+00	9.3390e-01	-7.6770e-01	1.0602e+00	-9.3430e-01	-3.7320e-01	-1.4377e+00
2.6715e+02	1.6989e+00	9.3130e-01	-7.6920e-01	1.0643e+00	-9.3640e-01	-3.7110e-01	-1.4378e+00
2.6715e+02	1.6998e+00	9.2880e-01	-7.7070e-01	1.0687e+00	-9.3850e-01	-3.6910e-01	-1.4379e+00
2.6715e+02	1.7007e+00	9.2630e-01	-7.7200e-01	1.0732e+00	-9.4040e-01	-3.6710e-01	-1.4379e+00
2.6715e+02	1.7016e+00	9.2370e-01	-7.7340e-01	1.0777e+00	-9.4220e-01	-3.6530e-01	-1.4380e+00
2.6715e+02	1.7025e+00	9.2120e-01	-7.7490e-01	1.0825e+00	-9.4400e-01	-3.6340e-01	-1.4381e+00
2.6716e+02	1.7033e+00	9.1870e-01	-7.7630e-01	1.0874e+00	-9.4580e-01	-3.6170e-01	-1.4382e+00
2.6716e+02	1.7041e+00	9.1620e-01	-7.7780e-01	1.0923e+00	-9.4750e-01	-3.5990e-01	-1.4383e+00
2.6716e+02	1.7049e+00	9.1360e-01	-7.7930e-01	1.0975e+00	-9.4910e-01	-3.5830e-01	-1.4385e+00
2.6716e+02	1.7057e+00	9.1110e-01	-7.8080e-01	1.1028e+00	-9.5080e-01	-3.5680e-01	-1.4386e+00
2.6716e+02	1.7065e+00	9.0860e-01	-7.8230e-01	1.1081e+00	-9.5240e-01	-3.5530e-01	-1.4387e+00
2.6717e+02	1.7073e+00	9.0620e-01	-7.8380e-01	1.1138e+00	-9.5390e-01	-3.5380e-01	-1.4389e+00
2.6717e+02	1.7080e+00	9.0370e-01	-7.8530e-01	1.1195e+00	-9.5530e-01	-3.5240e-01	-1.4390e+00
2.6717e+02	1.7088e+00	9.0120e-01	-7.8700e-01	1.1253e+00	-9.5660e-01	-3.5110e-01	-1.4390e+00
2.6717e+02	1.7095e+00	8.9870e-01	-7.8860e-01	1.1314e+00	-9.5780e-01	-3.4970e-01	-1.4391e+00
2.6717e+02	1.7102e+00	8.9630e-01	-7.9000e-01	1.1374e+00	-9.5900e-01	-3.4840e-01	-1.4391e+00
2.6718e+02	1.7109e+00	8.9390e-01	-7.9160e-01	1.1434e+00	-9.6020e-01	-3.4710e-01	-1.4391e+00
2.6718e+02	1.7116e+00	8.9150e-01	-7.9320e-01	1.1498e+00	-9.6130e-01	-3.4590e-01	-1.4391e+00
2.6718e+02	1.7122e+00	8.8920e-01	-7.9460e-01	1.1561e+00	-9.6230e-01	-3.4470e-01	-1.4390e+00
2.6718e+02	1.7129e+00	8.8680e-01	-7.9620e-01	1.1624e+00	-9.6320e-01	-3.4360e-01	-1.4389e+00
2.6718e+02	1.7135e+00	8.8450e-01	-7.9780e-01	1.1690e+00	-9.6410e-01	-3.4260e-01	-1.4388e+00
2.6719e+02	1.7141e+00	8.8220e-01	-7.9930e-01	1.1756e+00	-9.6490e-01	-3.4180e-01	-1.4387e+00
2.6719e+02	1.7147e+00	8.8000e-01	-8.0100e-01	1.1822e+00	-9.6550e-01	-3.4110e-01	-1.4386e+00
2.6719e+02	1.7152e+00	8.7780e-01	-8.0250e-01	1.1891e+00	-9.6610e-01	-3.4050e-01	-1.4384e+00
2.6719e+02	1.7157e+00	8.7560e-01	-8.0390e-01	1.1959e+00	-9.6640e-01	-3.4000e-01	-1.4383e+00
2.6719e+02	1.7162e+00	8.7340e-01	-8.0560e-01	1.2027e+00	-9.6660e-01	-3.3960e-01	-1.4381e+00
2.6720e+02	1.7166e+00	8.7130e-01	-8.0720e-01	1.2098e+00	-9.6670e-01	-3.3940e-01	-1.4380e+00
2.6720e+02	1.7170e+00	8.6920e-01	-8.0870e-01	1.2167e+00	-9.6660e-01	-3.3930e-01	-1.4378e+00
2.6720e+02	1.7174e+00	8.6710e-01	-8.1030e-01	1.2236e+00	-9.6660e-01	-3.3940e-01	-1.4377e+00
2.6720e+02	1.7177e+00	8.6510e-01	-8.1200e-01	1.2308e+00	-9.6650e-01	-3.3950e-01	-1.4376e+00
2.6720e+02	1.7179e+00	8.6310e-01	-8.1350e-01	1.2380e+00	-9.6630e-01	-3.3950e-01	-1.4375e+00
2.6721e+02	1.7182e+00	8.6120e-01	-8.1530e-01	1.2452e+00	-9.6610e-01	-3.3930e-01	-1.4374e+00
2.6721e+02	1.7183e+00	8.5930e-01	-8.1710e-01	1.2527e+00	-9.6580e-01	-3.3910e-01	-1.4372e+00
2.6721e+02	1.7185e+00	8.5750e-01	-8.1880e-01	1.2602e+00	-9.6540e-01	-3.3870e-01	-1.4370e+00
2.6721e+02	1.7185e+00	8.5560e-01	-8.2070e-01	1.2677e+00	-9.6500e-01	-3.3810e-01	-1.4368e+00
2.6721e+02	1.7186e+00	8.5390e-01	-8.2250e-01	1.2753e+00	-9.6440e-01	-3.3740e-01	-1.4367e+00
2.6722e+02	1.7185e+00	8.5230e-01	-8.2430e-01	1.2831e+00	-9.6370e-01	-3.3660e-01	-1.4366e+00
2.6722e+02	1.7185e+00	8.5060e-01	-8.2620e-01	1.2910e+00	-9.6290e-01	-3.3560e-01	-1.4366e+00
2.6722e+02	1.7184e+00	8.4900e-01	-8.2810e-01	1.2987e+00	-9.6200e-01	-3.3440e-01	-1.4366e+00
2.6722e+02	1.7183e+00	8.4760e-01	-8.3010e-01	1.3061e+00	-9.6120e-01	-3.3320e-01	-1.4367e+00
2.6722e+02	1.7182e+00	8.4620e-01	-8.3210e-01	1.3138e+00	-9.6030e-01	-3.3190e-01	-1.4367e+00
2.6723e+02	1.7181e+00	8.4480e-01	-8.3420e-01	1.3216e+00	-9.5950e-01	-3.3060e-01	-1.4368e+00
2.6723e+02	1.7179e+00	8.4360e-01	-8.3630e-01	1.3293e+00	-9.5860e-01	-3.2900e-01	-1.4368e+00
2.6723e+02	1.7176e+00	8.4230e-01	-8.3850e-01	1.3370e+00	-9.5780e-01	-3.2730e-01	-1.4368e+00
2.6723e+02	1.7173e+00	8.4110e-01	-8.4060e-01	1.3449e+00	-9.5690e-01	-3.2540e-01	-1.4367e+00
2.6723e+02	1.7169e+00	8.3990e-01	-8.4270e-01	1.3525e+00	-9.5600e-01	-3.2330e-01	-1.4367e+00
2.6724e+02	1.7164e+00	8.3870e-01	-8.4490e-01	1.3600e+00	-9.5500e-01	-3.2090e-01	-1.4367e+00
2.6724e+02	1.7159e+00	8.3760e-01	-8.4690e-01	1.3676e+00	-9.5400e-01	-3.1840e-01	-1.4367e+00
2.6724e+02	1.7153e+00	8.3660e-01	-8.4890e-01	1.3751e+00	-9.5290e-01	-3.1580e-01	-1.4367e+00
2.6724e+02	1.7145e+00	8.3560e-01	-8.5090e-01	1.3824e+00	-9.5180e-01	-3.1310e-01	-1.4367e+00
2.6724e+02	1.7137e+00	8.3470e-01	-8.5290e-01	1.3899e+00	-9.5060e-01	-3.1020e-01	-1.4367e+00
2.6725e+02	1.7128e+00	8.3400e-01	-8.5470e-01	1.3974e+00	-9.4940e-01	-3.0730e-01	-1.4368e+00
2.6725e+02	1.7118e+00	8.3320e-01	-8.5660e-01	1.4047e+00	-9.4810e-01	-3.0420e-01	-1.4368e+00
2.6725e+02	1.7107e+00	8.3260e-01	-8.5840e-01	1.4121e+00	-9.4690e-01	-3.0100e-01	-1.4368e+00
2.6725e+02	1.7096e+00	8.3200e-01	-8.6020e-01	1.4195e+00	-9.4570e-01	-2.9770e-01	-1.4370e+00
2.6725e+02	1.7084e+00	8.3150e-01	-8.6190e-01	1.4268e+00	-9.4450e-01	-2.9430e-01	-1.4373e+00
2.6726e+02	1.7071e+00	8.3110e-01	-8.6350e-01	1.4343e+00	-9.4330e-01	-2.9090e-01	-1.4377e+00
2.6726e+02	1.7057e+00	8.3070e-01	-8.6520e-01	1.4415e+00	-9.4210e-01	-2.8760e-01	-1.4380e+00
2.6726e+02	1.7043e+00	8.3030e-01	-8.6680e-01	1.4485e+00	-9.4080e-01	-2.8440e-01	-1.4381e+00
2.6726e+02	1.7028e+00	8.3000e-01	-8.6840e-01	1.4558e+00	-9.3950e-01	-2.8110e-01	-1.4380e+00
2.6726e+02	1.7013e+00	8.2980e-01	-8.6990e-01	1.4628e+00	-9.3820e-01	-2.7780e-01	-1.4378e+00
2.6727e+02	1.6996e+00	8.2960e-01	-8.7150e-01	1.4698e+00	-9.3690e-01	-2.7460e-01	-1.4376e+00
2.6727e+02	1.6979e+00	8.2950e-01	-8.7300e-01	1.4769e+00	-9.3570e-01	-2.7130e-01	-1.4374e+00
2.6727e+02	1.6961e+00	8.2940e-01	-8.7450e-01	1.4838e+00	-9.3460e-01	-2.6800e-01	-1.4373e+00
2.6727e+02	1.6943e+00	8.2940e-01	-8.7590e-01	1.4907e+00	-9.3350e-01	-2.6480e-01	-1.4373e+00
2.6727e+02	1.6925e+00	8.2950e-01	-8.7730e-01	1.4978e+00	-9.3260e-01	-2.6170e-01	-1.4372e+00
2.6728e+02	1.6906e+00	8.2960e-01	-8.7860e-01	1.5046e+00	-9.3190e-01	-2.5880e-01	-1.4372e+00
2.6728e+02	1.6886e+00	8.2980e-01	-8.7990e-01	1.5113e+00	-9.3120e-01	-2.5600e-01	-1.4372e+00
2.6728e+02	1.6866e+00	8.3000e-01	-8.8110e-01	1.5181e+00	-9.3050e-01	-2.5320e-01	-1.4371e+00
2.6728e+02	1.6845e+00	8.3030e-01	-8.8230e-01	1.5247e+00	-9.2970e-01	-2.5070e-01	-1.4370e+00
2.6728e+02	1.6823e+00	8.3060e-01	-8.8350e-01	1.5310e+00	-9.2880e-01	-2.4830e-01	-1.4368e+00
2.6729e+02	1.6801e+00	8.3100e-01	-8.8460e-01	1.5374e+00	-9.2790e-01	-2.4620e-01	-1.4367e+00
2.6729e+02	1.6778e+00	8.3140e-01	-8.8580e-01	1.5436e+00	-9.2690e-01	-2.4430e-01	-1.4365e+00
2.6729e+02	1.6754e+00	8.3190e-01	-8.8700e-01	1.5495e+00	-9.2580e-01	-2.4270e-01	-1.4363e+00
2.6729e+02	1.6729e+00	8.3240e-01	-8.8810e-01	1.5557e+00	-9.2450e-01	-2.4140e-01	-1.4361e+00
2.6729e+02	1.6705e+00	8.3290e-01	-8.8930e-01	1.5616e+00	-9.2320e-01	-2.4030e-01	-1.4360e+00
2.6730e+02	1.6679e+00	8.3350e-01	-8.9040e-01	1.5673e+00	-9.2160e-01	-2.3930e-01	-1.4358e+00
2.6730e+02	1.6653e+00	8.3410e-01	-8.9160e-01	1.5731e+00	-9.2000e-01	-2.3850e-01	-1.4356e+00
2.6730e+02	1.6627e+00	8.3470e-01	-8.9270e-01	1.5787e+00	-9.1830e-01	-2.3790e-01	-1.4353e+00
2.6730e+02	1.6600e+00	8.3540e-01	-8.9370e-01	1.5842e+00	-9.1650e-01	-2.3740e-01	-1.4349e+00
2.6730e+02	1.6572e+00	8.3600e-01	-8.9470e-01	1.5898e+00	-9.1460e-01	-2.3730e-01	-1.4344e+00
2.6731e+02	1.6545e+00	8.3670e-01	-8.9580e-01	1.5951e+00	-9.1270e-01	-2.3740e-01	-1.4338e+00
2.6731e+02	1.6517e+00	8.3740e-01	-8.9690e-01	1.6003e+00	-9.1080e-01	-2.3780e-01	-1.4331e+00
2.6731e+02	1.6489e+00	8.3810e-01	-8.9800e-01	1.6056e+00	-9.0880e-01	-2.3860e-01	-1.4323e+00
2.6731e+02	1.6461e+00	8.3880e-01	-8.9910e-01	1.6106e+00	-9.0660e-01	-2.3980e-01	-1.4315e+00
2.6731e+02	1.6432e+00	8.3950e-01	-9.0020e-01	1.6154e+00	-9.0430e-01	-2.4140e-01	-1.4306e+00
2.6732e+02	1.6404e+00	8.4020e-01	-9.0120e-01	1.6204e+00	-9.0180e-01	-2.4350e-01	-1.4298e+00
2.6732e+02	1.6375e+00	8.4100e-01	-9.0240e-01	1.6250e+00	-8.9920e-01	-2.4590e-01	-1.4290e+00
2.6732e+02	1.6346e+00	8.4180e-01	-9.0350e-01	1.6295e+00	-8.9660e-01	-2.4870e-01	-1.4284e+00
2.6732e+02	1.6316e+00	8.4260e-01	-9.0460e-01	1.6340e+00	-8.9370e-01	-2.5170e-01	-1.4280e+00
2.6732e+02	1.6288e+00	8.4350e-01	-9.0580e-01	1.6383e+00	-8.9070e-01	-2.5500e-01	-1.4279e+00
2.6733e+02	1.6258e+00	8.4430e-01	-9.0700e-01	1.6425e+00	-8.8770e-01	-2.5850e-01	-1.4279e+00
2.6733e+02	1.6228e+00	8.4510e-01	-9.0820e-01	1.6467e+00	-8.8450e-01	-2.6210e-01	-1.4281e+00
2.6733e+02	1.6199e+00	8.4590e-01	-9.0940e-01	1.6507e+00	-8.8110e-01	-2.6590e-01	-1.4284e+00
2.6733e+02	1.6168e+00	8.4670e-01	-9.1070e-01	1.6547e+00	-8.7760e-01	-2.6990e-01	-1.4290e+00
2.6733e+02	1.6139e+00	8.4750e-01	-9.1190e-01	1.6586e+00	-8.7400e-01	-2.7410e-01	-1.4298e+00
2.6734e+02	1.6110e+00	8.4830e-01	-9.1320e-01	1.6624e+00	-8.7040e-01	-2.7870e-01	-1.4311e+00
2.6734e+02	1.6080e+00	8.4900e-01	-9.1450e-01	1.6661e+00	-8.6680e-01	-2.8360e-01	-1.4328e+00
2.6734e+02	1.6050e+00	8.4970e-01	-9.1570e-01	1.6697e+00	-8.6310e-01	-2.8880e-01	-1.4349e+00
2.6734e+02	1.6021e+00	8.5040e-01	-9.1700e-01	1.6732e+00	-8.5950e-01	-2.9430e-01	-1.4375e+00
2.6734e+02	1.5992e+00	8.5110e-01	-9.1820e-01	1.6767e+00	-8.5600e-01	-3.0010e-01	-1.4405e+00
2.6735e+02	1.5964e+00	8.5170e-01	-9.1940e-01	1.6800e+00	-8.5230e-01	-3.0610e-01	-1.4438e+00
2.6735e+02	1.5936e+00	8.5240e-01	-9.2060e-01	1.6831e+00	-8.4860e-01	-3.1220e-01	-1.4475e+00
2.6735e+02	1.5908e+00	8.5290e-01	-9.2180e-01	1.6862e+00	-8.4510e-01	-3.1830e-01	-1.4516e+00
2.6735e+02	1.5881e+00	8.5350e-01	-9.2290e-01	1.6892e+00	-8.4150e-01	-3.2450e-01	-1.4559e+00
2.6735e+02	1.5855e+00	8.5390e-01	-9.2400e-01	1.6921e+00	-8.3800e-01	-3.3050e-01	-1.4606e+00
2.6736e+02	1.5828e+00	8.5440e-01	-9.2510e-01	1.6948e+00	-8.3460e-01	-3.3650e-01	-1.4657e+00
2.6736e+02	1.5803e+00	8.5470e-01	-9.2610e-01	1.6975e+00	-8.3100e-01	-3.4240e-01	-1.4713e+00
2.6736e+02	1.5779e+00	8.5500e-01	-9.2710e-01	1.7001e+00	-8.2750e-01	-3.4820e-01	-1.4773e+00
2.6736e+02	1.5755e+00	8.5520e-01	-9.2800e-01	1.7026e+00	-8.2410e-01	-3.5390e-01	-1.4838e+00
2.6736e+02	1.5732e+00	8.5530e-01	-9.2880e-01	1.7050e+00	-8.2060e-01	-3.5940e-01	-1.4907e+00
2.6737e+02	1.5709e+00	8.5550e-01	-9.2950e-01	1.7072e+00	-8.1730e-01	-3.6490e-01	-1.4979e+00
2.6737e+02	1.5687e+00	8.5550e-01	-9.3010e-01	1.7093e+00	-8.1410e-01	-3.7030e-01	-1.5054e+00
2.6737e+02	1.5665e+00	8.5550e-01	-9.3070e-01	1.7114e+00	-8.1090e-01	-3.7570e-01	-1.5129e+00
2.6737e+02	1.5643e+00	8.5550e-01	-9.3120e-01	1.7134e+00	-8.0760e-01	-3.8120e-01	-1.5205e+00
2.6737e+02	1.5622e+00	8.5540e-01	-9.3160e-01	1.7153e+00	-8.0450e-01	-3.8670e-01	-1.5279e+00
2.6738e+02	1.5600e+00	8.5530e-01	-9.3200e-01	1.7171e+00	-8.0130e-01	-3.9240e-01	-1.5352e+00
2.6738e+02	1.5578e+00	8.5510e-01	-9.3220e-01	1.7189e+00	-7.9820e-01	-3.9800e-01	-1.5421e+00
2.6738e+02	1.5556e+00	8.5490e-01	-9.3240e-01	1.7206e+00	-7.9520e-01	-4.0370e-01	-1.5487e+00
2.6738e+02	1.5534e+00	8.5470e-01	-9.3260e-01	1.7223e+00	-7.9210e-01	-4.0950e-01	-1.5551e+00
2.6738e+02	1.5513e+00	8.5440e-01	-9.3280e-01	1.7238e+00	-7.8920e-01	-4.1520e-01	-1.5611e+00
2.6739e+02	1.5490e+00	8.5420e-01	-9.3300e-01	1.7253e+00	-7.8640e-01	-4.2080e-01	-1.5668e+00
2.6739e+02	1.5469e+00	8.5390e-01	-9.3310e-01	1.7268e+00	-7.8350e-01	-4.2650e-01	-1.5721e+00
2.6739e+02	1.5447e+00	8.5350e-01	-9.3330e-01	1.7282e+00	-7.8060e-01	-4.3220e-01	-1.5772e+00
2.6739e+02	1.5425e+00	8.5310e-01	-9.3340e-01	1.7296e+00	-7.7770e-01	-4.3790e-01	-1.5819e+00
2.6739e+02	1.5404e+00	8.5270e-01	-9.3350e-01	1.7310e+00	-7.7480e-01	-4.4370e-01	-1.5865e+00
2.6740e+02	1.5383e+00	8.5220e-01	-9.3350e-01	1.7323e+00	-7.7200e-01	-4.4950e-01	-1.5909e+00
2.6740e+02	1.5363e+00	8.5170e-01	-9.3350e-01	1.7336e+00	-7.6920e-01	-4.5540e-01	-1.5951e+00
2.6740e+02	1.5343e+00	8.5120e-01	-9.3340e-01	1.7348e+00	-7.6640e-01	-4.6120e-01	-1.5993e+00
2.6740e+02	1.5324e+00	8.5060e-01	-9.3330e-01	1.7361e+00	-7.6360e-01	-4.6710e-01	-1.6034e+00
2.6740e+02	1.5305e+00	8.5000e-01	-9.3320e-01	1.7374e+00	-7.6090e-01	-4.7280e-01	-1.6075e+00
2.6741e+02	1.5286e+00	8.4930e-01	-9.3320e-01	1.7385e+00	-7.5800e-01	-4.7870e-01	-1.6116e+00
2.6741e+02	1.5269e+00	8.4870e-01	-9.3300e-01	1.7396e+00	-7.5510e-01	-4.8450e-01	-1.6157e+00
2.6741e+02	1.5251e+00	8.4800e-01	-9.3290e-01	1.7407e+00	-7.5230e-01	-4.9030e-01	-1.6199e+00
2.6741e+02	1.5234e+00	8.4730e-01	-9.3280e-01	1.7418e+00	-7.4930e-01	-4.9610e-01	-1.6240e+00
2.6741e+02	1.5218e+00	8.4650e-01	-9.3270e-01	1.7428e+00	-7.4620e-01	-5.0180e-01	-1.6281e+00
2.6742e+02	1.5202e+00	8.4570e-01	-9.3250e-01	1.7438e+00	-7.4310e-01	-5.0740e-01	-1.6322e+00
2.6742e+02	1.5188e+00	8.4490e-01	-9.3230e-01	1.7448e+00	-7.3980e-01	-5.1290e-01	-1.6363e+00
2.6742e+02	1.5173e+00	8.4410e-01	-9.3200e-01	1.7458e+00	-7.3650e-01	-5.1830e-01	-1.6403e+00
2.6742e+02	1.5159e+00	8.4330e-01	-9.3180e-01	1.7468e+00	-7.3330e-01	-5.2360e-01	-1.6443e+00
2.6742e+02	1.5146e+00	8.4240e-01	-9.3150e-01	1.7478e+00	-7.3000e-01	-5.2880e-01	-1.6484e+00
2.6743e+02	1.5133e+00	8.4150e-01	-9.3130e-01	1.7487e+00	-7.2670e-01	-5.3390e-01	-1.6524e+00
2.6743e+02	1.5120e+00	8.4060e-01	-9.3110e-01	1.7497e+00	-7.2340e-01	-5.3880e-01	-1.6564e+00
2.6743e+02	1.5108e+00	8.3960e-01	-9.3090e-01	1.7506e+00	-7.2000e-01	-5.4360e-01	-1.6604e+00
2.6743e+02	1.5096e+00	8.3860e-01	-9.3070e-01	1.7516e+00	-7.1650e-01	-5.4830e-01	-1.6644e+00
2.6743e+02	1.5084e+00	8.3760e-01	-9.3060e-01	1.7526e+00	-7.1290e-01	-5.5270e-01	-1.6682e+00
2.6744e+02	1.5073e+00	8.3650e-01	-9.3050e-01	1.7535e+00	-7.0920e-01	-5.5700e-01	-1.6721e+00
2.6744e+02	1.5062e+00	8.3540e-01	-9.3040e-01	1.7544e+00	-7.0550e-01	-5.6110e-01	-1.6758e+00
2.6744e+02	1.5051e+00	8.3430e-01	-9.3030e-01	1.7554e+00	-7.0180e-01	-5.6490e-01	-1.6795e+00
2.6744e+02	1.5041e+00	8.3320e-01	-9.3020e-01	1.7563e+00	-6.9790e-01	-5.6860e-01	-1.6831e+00
2.6744e+02	1.5032e+00	8.3210e-01	-9.3020e-01	1.7572e+00	-6.9410e-01	-5.7210e-01	-1.6868e+00
2.6745e+02	1.5023e+00	8.3100e-01	-9.3010e-01	1.7581e+00	-6.9040e-01	-5.7550e-01	-1.6905e+00
2.6745e+02	1.5015e+00	8.2980e-01	-9.3010e-01	1.7589e+00	-6.8660e-01	-5.7880e-01	-1.6941e+00
2.6745e+02	1.5008e+00	8.2870e-01	-9.3000e-01	1.7597e+00	-6.8290e-01	-5.8210e-01	-1.6978e+00
2.6745e+02	1.5001e+00	8.2750e-01	-9.3000e-01	1.7606e+00	-6.7930e-01	-5.8530e-01	-1.7014e+00
2.6745e+02	1.4995e+00	8.2630e-01	-9.3000e-01	1.7614e+00	-6.7570e-01	-5.8840e-01	-1.7050e+00
2.6746e+02	1.4990e+00	8.2510e-01	-9.3000e-01	1.7622e+00	-6.7210e-01	-5.9150e-01	-1.7087e+00
2.6746e+02	1.4985e+00	8.2390e-01	-9.3000e-01	1.7629e+00	-6.6870e-01	-5.9440e-01	-1.7122e+00
2.6746e+02	1.4981e+00	8.2260e-01	-9.3010e-01	1.7637e+00	-6.6530e-01	-5.9720e-01	-1.7158e+00
2.6746e+02	1.4978e+00	8.2130e-01	-9.3020e-01	1.7645e+00	-6.6200e-01	-6.0000e-01	-1.7193e+00
2.6746e+02	1.4975e+00	8.2000e-01	-9.3030e-01	1.7652e+00	-6.5880e-01	-6.0260e-01	-1.7227e+00
2.6747e+02	1.4973e+00	8.1880e-01	-9.3040e-01	1.7659e+00	-6.5570e-01	-6.0500e-01	-1.7261e+00
2.6747e+02	1.4970e+00	8.1750e-01	-9.3060e-01	1.7666e+00	-6.5270e-01	-6.0740e-01	-1.7294e+00
2.6747e+02	1.4968e+00	8.1610e-01	-9.3090e-01	1.7673e+00	-6.4970e-01	-6.0950e-01	-1.7327e+00
2.6747e+02	1.4967e+00	8.1480e-01	-9.3120e-01	1.7680e+00	-6.4670e-01	-6.1160e-01	-1.7358e+00
2.6747e+02	1.4965e+00	8.1350e-01	-9.3150e-01	1.7687e+00	-6.4370e-01	-6.1350e-01	-1.7389e+00
2.6748e+02	1.4964e+00	8.1220e-01	-9.3190e-01	1.7693e+00	-6.4080e-01	-6.1530e-01	-1.7420e+00
2.6748e+02	1.4963e+00	8.1080e-01	-9.3230e-01	1.7698e+00	-6.3800e-01	-6.1690e-01	-1.7450e+00
2.6748e+02	1.4963e+00	8.0940e-01	-9.3270e-01	1.7704e+00	-6.3550e-01	-6.1840e-01	-1.7480e+00
2.6748e+02	1.4963e+00	8.0810e-01	-9.3320e-01	1.7709e+00	-6.3300e-01	-6.1980e-01	-1.7509e+00
2.6748e+02	1.4963e+00	8.0670e-01	-9.3370e-01	1.7714e+00	-6.3060e-01	-6.2100e-01	-1.7537e+00
2.6749e+02	1.4964e+00	8.0530e-01	-9.3420e-01	1.7719e+00	-6.2830e-01	-6.2210e-01	-1.7565e+00
2.6749e+02	1.4964e+00	8.0380e-01	-9.3470e-01	1.7724e+00	-6.2610e-01	-6.2310e-01	-1.7593e+00
2.6749e+02	1.4964e+00	8.0250e-01	-9.3520e-01	1.7728e+00	-6.2420e-01	-6.2380e-01	-1.7619e+00
2.6749e+02	1.4965e+00	8.0100e-01	-9.3570e-01	1.7732e+00	-6.2240e-01	-6.2450e-01	-1.7645e+00
2.6749e+02	1.4966e+00	7.9960e-01	-9.3630e-01	1.7736e+00	-6.2080e-01	-6.2490e-01	-1.7670e+00
2.6750e+02	1.4967e+00	7.9810e-01	-9.3680e-01	1.7739e+00	-6.1920e-01	-6.2540e-01	-1.7694e+00
2.6750e+02	1.4968e+00	7.9670e-01	-9.3730e-01	1.7741e+00	-6.1760e-01	-6.2580e-01	-1.7718e+00
2.6750e+02	1.4970e+00	7.9510e-01	-9.3780e-01	1.7743e+00	-6.1610e-01	-6.2610e-01	-1.7742e+00
2.6750e+02	1.4972e+00	7.9360e-01	-9.3830e-01	1.7745e+00	-6.1460e-01	-6.2640e-01	-1.7766e+00
2.6750e+02	1.4974e+00	7.9200e-01	-9.3880e-01	1.7747e+00	-6.1330e-01	-6.2670e-01	-1.7790e+00
2.6751e+02	1.4977e+00	7.9040e-01	-9.3930e-01	1.7748e+00	-6.1220e-01	-6.2690e-01	-1.7815e+00
2.6751e+02	1.4980e+00	7.8880e-01	-9.3970e-01	1.7749e+00	-6.1130e-01	-6.2700e-01	-1.7839e+00
2.6751e+02	1.4983e+00	7.8720e-01	-9.4010e-01	1.7750e+00	-6.1050e-01	-6.2700e-01	-1.7865e+00
2.6751e+02	1.4987e+00	7.8560e-01	-9.4060e-01	1.7751e+00	-6.0980e-01	-6.2690e-01	-1.7890e+00
2.6751e+02	1.4990e+00	7.8390e-01	-9.4100e-01	1.7751e+00	-6.0930e-01	-6.2660e-01	-1.7915e+00
2.6752e+02	1.4994e+00	7.8230e-01	-9.4130e-01	1.7751e+00	-6.0900e-01	-6.2630e-01	-1.7940e+00
2.6752e+02	1.4998e+00	7.8060e-01	-9.4170e-01	1.7751e+00	-6.0870e-01	-6.2600e-01	-1.7964e+00
2.6752e+02	1.5002e+00	7.7890e-01	-9.4200e-01	1.7750e+00	-6.0850e-01	-6.2560e-01	-1.7988e+00
2.6752e+02	1.5006e+00	7.7720e-01	-9.4230e-01	1.7749e+00	-6.0840e-01	-6.2530e-01	-1.8010e+00
2.6752e+02	1.5010e+00	7.7550e-01	-9.4270e-01	1.7749e+00	-6.0830e-01	-6.2510e-01	-1.8031e+00
2.6753e+02	1.5014e+00	7.7370e-01	-9.4300e-01	1.7748e+00	-6.0830e-01	-6.2480e-01	-1.8051e+00
2.6753e+02	1.5018e+00	7.7200e-01	-9.4340e-01	1.7747e+00	-6.0830e-01	-6.2460e-01	-1.8069e+00
2.6753e+02	1.5022e+00	7.7020e-01	-9.4380e-01	1.7746e+00	-6.0830e-01	-6.2440e-01	-1.8087e+00
2.6753e+02	1.5025e+00	7.6840e-01	-9.4410e-01	1.7744e+00	-6.0830e-01	-6.2410e-01	-1.8105e+00
2.6753e+02	1.5029e+00	7.6660e-01	-9.4440e-01	1.7743e+00	-6.0840e-01	-6.2390e-01	-1.8122e+00
2.6754e+02	1.5033e+00	7.6480e-01	-9.4470e-01	1.7741e+00	-6.0850e-01	-6.2360e-01	-1.8138e+00
2.6754e+02	1.5037e+00	7.6290e-01	-9.4500e-01	1.7739e+00	-6.0870e-01	-6.2340e-01	-1.8155e+00
2.6754e+02	1.5041e+00	7.6110e-01	-9.4520e-01	1.7737e+00	-6.0880e-01	-6.2310e-01	-1.8170e+00
2.6754e+02	1.5046e+00	7.5930e-01	-9.4550e-01	1.7735e+00	-6.0900e-01	-6.2290e-01	-1.8186e+00
2.6754e+02	1.5050e+00	7.5750e-01	-9.4570e-01	1.7732e+00	-6.0920e-01	-6.2260e-01	-1.8200e+00
2.6755e+02	1.5054e+00	7.5570e-01	-9.4590e-01	1.7729e+00	-6.0930e-01	-6.2240e-01	-1.8215e+00
2.6755e+02	1.5058e+00	7.5390e-01	-9.4620e-01	1.7727e+00	-6.0940e-01	-6.2230e-01	-1.8230e+00
2.6755e+02	1.5063e+00	7.5200e-01	-9.4640e-01	1.7724e+00	-6.0940e-01	-6.2210e-01	-1.8245e+00
2.6755e+02	1.5067e+00	7.5020e-01	-9.4660e-01	1.7722e+00	-6.0940e-01	-6.2190e-01	-1.8261e+00
2.6755e+02	1.5072e+00	7.4840e-01	-9.4690e-01	1.7719e+00	-6.0930e-01	-6.2180e-01	-1.8277e+00
2.6756e+02	1.5076e+00	7.4650e-01	-9.4710e-01	1.7715e+00	-6.0930e-01	-6.2180e-01	-1.8294e+00
2.6756e+02	1.5080e+00	7.4460e-01	-9.4720e-01	1.7712e+00	-6.0940e-01	-6.2180e-01	-1.8312e+00
2.6756e+02	1.5085e+00	7.4270e-01	-9.4740e-01	1.7709e+00	-6.0940e-01	-6.2170e-01	-1.8330e+00
2.6756e+02	1.5090e+00	7.4080e-01	-9.4760e-01	1.7705e+00	-6.0930e-01	-6.2160e-01	-1.8349e+00
2.6756e+02	1.5094e+00	7.3900e-01	-9.4780e-01	1.7701e+00	-6.0930e-01	-6.2150e-01	-1.8368e+00
2.6757e+02	1.5099e+00	7.3710e-01	-9.4800e-01	1.7697e+00	-6.0920e-01	-6.2120e-01	-1.8387e+00
2.6757e+02	1.5104e+00	7.3520e-01	-9.4810e-01	1.7694e+00	-6.0910e-01	-6.2100e-01	-1.8407e+00
2.6757e+02	1.5108e+00	7.3330e-01	-9.4820e-01	1.7690e+00	-6.0890e-01	-6.2070e-01	-1.8426e+00
2.6757e+02	1.5113e+00	7.3140e-01	-9.4840e-01	1.7686e+00	-6.0880e-01	-6.2050e-01	-1.8446e+00
2.6757e+02	1.5117e+00	7.2940e-01	-9.4850e-01	1.7683e+00	-6.0870e-01	-6.2030e-01	-1.8465e+00
2.6758e+02	1.5122e+00	7.2750e-01	-9.4870e-01	1.7679e+00	-6.0850e-01	-6.2000e-01	-1.8485e+00
2.6758e+02	1.5126e+00	7.2560e-01	-9.4900e-01	1.7674e+00	-6.0830e-01	-6.1980e-01	-1.8504e+00
2.6758e+02	1.5130e+00	7.2380e-01	-9.4910e-01	1.7670e+00	-6.0810e-01	-6.1960e-01	-1.8523e+00
2.6758e+02	1.5134e+00	7.2190e-01	-9.4930e-01	1.7665e+00	-6.0800e-01	-6.1950e-01	-1.8541e+00
2.6758e+02	1.5138e+00	7.1990e-01	-9.4950e-01	1.7661e+00	-6.0780e-01	-6.1930e-01	-1.8560e+00
2.6759e+02	1.5142e+00	7.1800e-01	-9.4960e-01	1.7656e+00	-6.0760e-01	-6.1910e-01	-1.8578e+00
2.6759e+02	1.5146e+00	7.1610e-01	-9.4980e-01	1.7651e+00	-6.0750e-01	-6.1890e-01	-1.8595e+00
2.6759e+02	1.5151e+00	7.1430e-01	-9.5000e-01	1.7647e+00	-6.0740e-01	-6.1880e-01	-1.8612e+00
2.6759e+02	1.5155e+00	7.1240e-01	-9.5010e-01	1.7642e+00	-6.0730e-01	-6.1860e-01	-1.8629e+00
2.6759e+02	1.5160e+00	7.1050e-01	-9.5020e-01	1.7637e+00	-6.0720e-01	-6.1840e-01	-1.8645e+00
2.6760e+02	1.5164e+00	7.0860e-01	-9.5040e-01	1.7632e+00	-6.0720e-01	-6.1830e-01	-1.8662e+00
2.6760e+02	1.5169e+00	7.0660e-01	-9.5060e-01	1.7627e+00	-6.0720e-01	-6.1810e-01	-1.8678e+00
2.6760e+02	1.5173e+00	7.0470e-01	-9.5070e-01	1.7622e+00	-6.0720e-01	-6.1800e-01	-1.8693e+00
2.6760e+02	1.5177e+00	7.0280e-01	-9.5090e-01	1.7617e+00	-6.0710e-01	-6.1790e-01	-1.8708e+00
2.6760e+02	1.5182e+00	7.0090e-01	-9.5100e-01	1.7613e+00	-6.0710e-01	-6.1780e-01	-1.8722e+00
2.6761e+02	1.5186e+00	6.9900e-01	-9.5110e-01	1.7608e+00	-6.0710e-01	-6.1770e-01	-1.8735e+00
2.6761e+02	1.5191e+00	6.9710e-01	-9.5130e-01	1.7603e+00	-6.0710e-01	-6.1770e-01	-1.8747e+00
2.6761e+02	1.5195e+00	6.9510e-01	-9.5140e-01	1.7598e+00	-6.0710e-01	-6.1770e-01	-1.8757e+00
2.6761e+02	1.5199e+00	6.9330e-01	-9.5150e-01	1.7593e+00	-6.0710e-01	-6.1770e-01	-1.8765e+00
2.6761e+02	1.5204e+00	6.9140e-01	-9.5170e-01	1.7588e+00	-6.0710e-01	-6.1780e-01	-1.8772e+00
2.6762e+02	1.5208e+00	6.8950e-01	-9.5180e-01	1.7583e+00	-6.0700e-01	-6.1770e-01	-1.8776e+00
2.6762e+02	1.5213e+00	6.8760e-01	-9.5190e-01	1.7578e+00	-6.0700e-01	-6.1760e-01	-1.8780e+00
2.6762e+02	1.5217e+00	6.8570e-01	-9.5210e-01	1.7573e+00	-6.0700e-01	-6.1750e-01	-1.8781e+00
2.6762e+02	1.5221e+00	6.8380e-01	-9.5210e-01	1.7568e+00	-6.0690e-01	-6.1730e-01	-1.8782e+00
2.6762e+02	1.5226e+00	6.8190e-01	-9.5220e-01	1.7563e+00	-6.0680e-01	-6.1710e-01	-1.8781e+00
2.6763e+02	1.5230e+00	6.8010e-01	-9.5230e-01	1.7559e+00	-6.0680e-01	-6.1690e-01	-1.8780e+00
2.6763e+02	1.5235e+00	6.7820e-01	-9.5230e-01	1.7554e+00	-6.0660e-01	-6.1670e-01	-1.8778e+00
2.6763e+02	1.5239e+00	6.7630e-01	-9.5240e-01	1.7550e+00	-6.0650e-01	-6.1650e-01	-1.8776e+00
2.6763e+02	1.5243e+00	6.7440e-01	-9.5250e-01	1.7545e+00	-6.0630e-01	-6.1630e-01	-1.8774e+00
2.6763e+02	1.5247e+00	6.7250e-01	-9.5260e-01	1.7541e+00	-6.0620e-01	-6.1600e-01	-1.8772e+00
2.6764e+02	1.5252e+00	6.7060e-01	-9.5260e-01	1.7536e+00	-6.0600e-01	-6.1570e-01	-1.8770e+00
2.6764e+02	1.5256e+00	6.6860e-01	-9.5270e-01	1.7531e+00	-6.0580e-01	-6.1540e-01	-1.8769e+00
2.6764e+02	1.5261e+00	6.6670e-01	-9.5270e-01	1.7527e+00	-6.0560e-01	-6.1510e-01	-1.8768e+00
2.6764e+02	1.5265e+00	6.6480e-01	-9.5270e-01	1.7523e+00	-6.0540e-01	-6.1480e-01	-1.8768e+00
2.6764e+02	1.5270e+00	6.6290e-01	-9.5280e-01	1.7519e+00	-6.0510e-01	-6.1450e-01	-1.8768e+00
2.6765e+02	1.5275e+00	6.6110e-01	-9.5270e-01	1.7515e+00	-6.0490e-01	-6.1420e-01	-1.8769e+00
2.6765e+02	1.5279e+00	6.5920e-01	-9.5260e-01	1.7510e+00	-6.0460e-01	-6.1390e-01	-1.8771e+00
2.6765e+02	1.5284e+00	6.5730e-01	-9.5250e-01	1.7506e+00	-6.0440e-01	-6.1350e-01	-1.8773e+00
2.6765e+02	1.5289e+00	6.5540e-01	-9.5240e-01	1.7501e+00	-6.0410e-01	-6.1310e-01	-1.8775e+00
2.6765e+02	1.5293e+00	6.5360e-01	-9.5230e-01	1.7496e+00	-6.0390e-01	-6.1280e-01	-1.8778e+00
2.6766e+02	1.5298e+00	6.5170e-01	-9.5230e-01	1.7492e+00	-6.0360e-01	-6.1250e-01	-1.8782e+00
2.6766e+02	1.5303e+00	6.4990e-01	-9.5220e-01	1.7488e+00	-6.0330e-01	-6.1220e-01	-1.8786e+00
2.6766e+02	1.5307e+00	6.4810e-01	-9.5200e-01	1.7484e+00	-6.0310e-01	-6.1190e-01	-1.8790e+00
2.6766e+02	1.5312e+00	6.4610e-01	-9.5190e-01	1.7480e+00	-6.0280e-01	-6.1140e-01	-1.8796e+00
2.6766e+02	1.5316e+00	6.4420e-01	-9.5170e-01	1.7476e+00	-6.0240e-01	-6.1100e-01	-1.8802e+00
2.6767e+02	1.5320e+00	6.4240e-01	-9.5170e-01	1.7471e+00	-6.0210e-01	-6.1040e-01	-1.8810e+00
2.6767e+02	1.5325e+00	6.4060e-01	-9.5170e-01	1.7467e+00	-6.0160e-01	-6.0980e-01	-1.8819e+00
2.6767e+02	1.5329e+00	6.3880e-01	-9.5160e-01	1.7462e+00	-6.0100e-01	-6.0910e-01	-1.8829e+00
2.6767e+02	1.5333e+00	6.3700e-01	-9.5130e-01	1.7458e+00	-6.0040e-01	-6.0830e-01	-1.8841e+00
2.6767e+02	1.5338e+00	6.3510e-01	-9.5110e-01	1.7455e+00	-5.9960e-01	-6.0750e-01	-1.8853e+00
2.6768e+02	1.5342e+00	6.3330e-01	-9.5080e-01	1.7451e+00	-5.9880e-01	-6.0660e-01	-1.8867e+00
2.6768e+02	1.5346e+00	6.3150e-01	-9.5060e-01	1.7446e+00	-5.9810e-01	-6.0560e-01	-1.8883e+00
2.6768e+02	1.5350e+00	6.2970e-01	-9.5060e-01	1.7442e+00	-5.9730e-01	-6.0450e-01	-1.8899e+00
2.6768e+02	1.5355e+00	6.2790e-01	-9.5040e-01	1.7437e+00	-5.9650e-01	-6.0340e-01	-1.8916e+00
2.6768e+02	1.5359e+00	6.2610e-01	-9.5010e-01	1.7433e+00	-5.9550e-01	-6.0220e-01	-1.8933e+00
2.6769e+02	1.5363e+00	6.2430e-01	-9.4990e-01	1.7429e+00	-5.9450e-01	-6.0100e-01	-1.8951e+00
2.6769e+02	1.5367e+00	6.2250e-01	-9.4960e-01	1.7426e+00	-5.9340e-01	-5.9980e-01	-1.8970e+00
2.6769e+02	1.5372e+00	6.2070e-01	-9.4930e-01	1.7423e+00	-5.9250e-01	-5.9850e-01	-1.8988e+00
2.6769e+02	1.5376e+00	6.1890e-01	-9.4910e-01	1.7419e+00	-5.9150e-01	-5.9720e-01	-1.9005e+00
2.6769e+02	1.5381e+00	6.1710e-01	-9.4880e-01	1.7416e+00	-5.9060e-01	-5.9590e-01	-1.9022e+00
2.6770e+02	1.5385e+00	6.1540e-01	-9.4850e-01	1.7413e+00	-5.8980e-01	-5.9460e-01	-1.9039e+00
2.6770e+02	1.5390e+00	6.1360e-01	-9.4840e-01	1.7409e+00	-5.8890e-01	-5.9320e-01	-1.9054e+00
2.6770e+02	1.5394e+00	6.1180e-01	-9.4810e-01	1.7406e+00	-5.8820e-01	-5.9190e-01	-1.9069e+00
2.6770e+02	1.5399e+00	6.1010e-01	-9.4780e-01	1.7403e+00	-5.8750e-01	-5.9060e-01	-1.9082e+00
2.6770e+02	1.5403e+00	6.0840e-01	-9.4760e-01	1.7400e+00	-5.8680e-01	-5.8930e-01	-1.9094e+00
2.6771e+02	1.5407e+00	6.0660e-01	-9.4740e-01	1.7398e+00	-5.8630e-01	-5.8790e-01	-1.9105e+00
2.6771e+02	1.5412e+00	6.0490e-01	-9.4710e-01	1.7395e+00	-5.8590e-01	-5.8640e-01	-1.9115e+00
2.6771e+02	1.5416e+00	6.0310e-01	-9.4690e-01	1.7392e+00	-5.8550e-01	-5.8490e-01	-1.9124e+00
2.6771e+02	1.5421e+00	6.0140e-01	-9.4670e-01	1.7390e+00	-5.8510e-01	-5.8340e-01	-1.9131e+00
2.6771e+02	1.5425e+00	5.9970e-01	-9.4650e-01	1.7387e+00	-5.8470e-01	-5.8180e-01	-1.9137e+00
2.6772e+02	1.5429e+00	5.9790e-01	-9.4630e-01	1.7383e+00	-5.8430e-01	-5.8020e-01	-1.9142e+00
2.6772e+02	1.5433e+00	5.9620e-01	-9.4600e-01	1.7380e+00	-5.8400e-01	-5.7860e-01	-1.9146e+00
2.6772e+02	1.5437e+00	5.9460e-01	-9.4580e-01	1.7377e+00	-5.8370e-01	-5.7700e-01	-1.9149e+00
2.6772e+02	1.5441e+00	5.9290e-01	-9.4570e-01	1.7375e+00	-5.8360e-01	-5.7550e-01	-1.9151e+00
2.6772e+02	1.5445e+00	5.9130e-01	-9.4560e-01	1.7372e+00	-5.8350e-01	-5.7380e-01	-1.9152e+00
2.6773e+02	1.5450e+00	5.8970e-01	-9.4540e-01	1.7370e+00	-5.8350e-01	-5.7220e-01	-1.9153e+00
2.6773e+02	1.5454e+00	5.8800e-01	-9.4530e-01	1.7368e+00	-5.8340e-01	-5.7060e-01	-1.9153e+00
2.6773e+02	1.5458e+00	5.8640e-01	-9.4520e-01	1.7366e+00	-5.8350e-01	-5.6890e-01	-1.9153e+00
2.6773e+02	1.5463e+00	5.8480e-01	-9.4500e-01	1.7364e+00	-5.8350e-01	-5.6720e-01	-1.9152e+00
2.6773e+02	1.5467e+00	5.8310e-01	-9.4490e-01	1.7362e+00	-5.8360e-01	-5.6550e-01	-1.9152e+00
2.6774e+02	1.5471e+00	5.8150e-01	-9.4470e-01	1.7360e+00	-5.8380e-01	-5.6380e-01	-1.9152e+00
2.6774e+02	1.5475e+00	5.7990e-01	-9.4460e-01	1.7359e+00	-5.8420e-01	-5.6200e-01	-1.9152e+00
2.6774e+02	1.5480e+00	5.7820e-01	-9.4440e-01	1.7357e+00	-5.8470e-01	-5.6030e-01	-1.9151e+00
2.6774e+02	1.5484e+00	5.7660e-01	-9.4420e-01	1.7356e+00	-5.8520e-01	-5.5860e-01	-1.9151e+00
2.6774e+02	1.5488e+00	5.7500e-01	-9.4400e-01	1.7354e+00	-5.8570e-01	-5.5690e-01	-1.9150e+00
2.6775e+02	1.5492e+00	5.7340e-01	-9.4380e-01	1.7353e+00	-5.8610e-01	-5.5520e-01	-1.9149e+00
2.6775e+02	1.5496e+00	5.7180e-01	-9.4360e-01	1.7351e+00	-5.8650e-01	-5.5350e-01	-1.9148e+00
2.6775e+02	1.5500e+00	5.7030e-01	-9.4340e-01	1.7350e+00	-5.8680e-01	-5.5180e-01	-1.9147e+00
2.6775e+02	1.5504e+00	5.6870e-01	-9.4330e-01	1.7349e+00	-5.8710e-01	-5.5020e-01	-1.9147e+00
2.6775e+02	1.5508e+00	5.6720e-01	-9.4310e-01	1.7347e+00	-5.8730e-01	-5.4860e-01	-1.9146e+00
2.6776e+02	1.5512e+00	5.6560e-01	-9.4280e-01	1.7345e+00	-5.8750e-01	-5.4690e-01	-1.9147e+00
2.6776e+02	1.5516e+00	5.6400e-01	-9.4260e-01	1.7344e+00	-5.8770e-01	-5.4520e-01	-1.9148e+00
2.6776e+02	1.5520e+00	5.6240e-01	-9.4240e-01	1.7344e+00	-5.8800e-01	-5.4350e-01	-1.9150e+00
2.6776e+02	1.5523e+00	5.6090e-01	-9.4220e-01	1.7344e+00	-5.8840e-01	-5.4160e-01	-1.9152e+00
2.6776e+02	1.5527e+00	5.5940e-01	-9.4200e-01	1.7343e+00	-5.8890e-01	-5.3980e-01	-1.9154e+00
2.6777e+02	1.5531e+00	5.5790e-01	-9.4180e-01	1.7343e+00	-5.8940e-01	-5.3790e-01	-1.9157e+00
2.6777e+02	1.5534e+00	5.5640e-01	-9.4150e-01	1.7342e+00	-5.9010e-01	-5.3610e-01	-1.9160e+00
2.6777e+02	1.5538e+00	5.5490e-01	-9.4120e-01	1.7342e+00	-5.9070e-01	-5.3440e-01	-1.9163e+00
2.6777e+02	1.5542e+00	5.5330e-01	-9.4100e-01	1.7342e+00	-5.9130e-01	-5.3280e-01	-1.9165e+00
2.6777e+02	1.5546e+00	5.5180e-01	-9.4070e-01	1.7342e+00	-5.9200e-01	-5.3130e-01	-1.9168e+00
2.6778e+02	1.5549e+00	5.5040e-01	-9.4060e-01	1.7341e+00	-5.9250e-01	-5.2990e-01	-1.9171e+00
2.6778e+02	1.5553e+00	5.4890e-01	-9.4050e-01	1.7341e+00	-5.9290e-01	-5.2850e-01	-1.9173e+00
2.6778e+02	1.5556e+00	5.4730e-01	-9.4020e-01	1.7342e+00	-5.9320e-01	-5.2720e-01	-1.9176e+00
2.6778e+02	1.5560e+00	5.4590e-01	-9.4010e-01	1.7342e+00	-5.9360e-01	-5.2590e-01	-1.9179e+00
2.6778e+02	1.5563e+00	5.4440e-01	-9.3990e-01	1.7343e+00	-5.9410e-01	-5.2450e-01	-1.9182e+00
2.6779e+02	1.5566e+00	5.4300e-01	-9.3960e-01	1.7343e+00	-5.9470e-01	-5.2300e-01	-1.9184e+00
2.6779e+02	1.5570e+00	5.4160e-01	-9.3940e-01	1.7344e+00	-5.9540e-01	-5.2140e-01	-1.9187e+00
2.6779e+02	1.5573e+00	5.4020e-01	-9.3920e-01	1.7344e+00	-5.9620e-01	-5.1970e-01	-1.9189e+00
2.6779e+02	1.5576e+00	5.3880e-01	-9.3900e-01	1.7345e+00	-5.9710e-01	-5.1780e-01	-1.9191e+00
2.6779e+02	1.5578e+00	5.3740e-01	-9.3870e-01	1.7345e+00	-5.9810e-01	-5.1600e-01	-1.9193e+00
2.6780e+02	1.5581e+00	5.3600e-01	-9.3850e-01	1.7345e+00	-5.9900e-01	-5.1420e-01	-1.9195e+00
2.6780e+02	1.5584e+00	5.3470e-01	-9.3830e-01	1.7345e+00	-5.9980e-01	-5.1250e-01	-1.9196e+00
2.6780e+02	1.5586e+00	5.3330e-01	-9.3820e-01	1.7345e+00	-6.0050e-01	-5.1100e-01	-1.9197e+00
2.6780e+02	1.5589e+00	5.3190e-01	-9.3800e-01	1.7345e+00	-6.0120e-01	-5.0950e-01	-1.9198e+00
2.6780e+02	1.5592e+00	5.3060e-01	-9.3780e-01	1.7345e+00	-6.0200e-01	-5.0790e-01	-1.9199e+00
2.6781e+02	1.5594e+00	5.2920e-01	-9.3770e-01	1.7345e+00	-6.0280e-01	-5.0630e-01	-1.9200e+00
2.6781e+02	1.5597e+00	5.2790e-01	-9.3750e-01	1.7346e+00	-6.0380e-01	-5.0460e-01	-1.9201e+00
2.6781e+02	1.5599e+00	5.2660e-01	-9.3730e-01	1.7346e+00	-6.0500e-01	-5.0280e-01	-1.9202e+00
2.6781e+02	1.5601e+00	5.2540e-01	-9.3720e-01	1.7346e+00	-6.0620e-01	-5.0100e-01	-1.9202e+00
2.6781e+02	1.5604e+00	5.2410e-01	-9.3700e-01	1.7346e+00	-6.0750e-01	-4.9920e-01	-1.9202e+00
2.6782e+02	1.5606e+00	5.2280e-01	-9.3680e-01	1.7346e+00	-6.0880e-01	-4.9730e-01	-1.9202e+00
2.6782e+02	1.5608e+00	5.2160e-01	-9.3660e-01	1.7346e+00	-6.0990e-01	-4.9560e-01	-1.9201e+00
2.6782e+02	1.5611e+00	5.2030e-01	-9.3640e-01	1.7347e+00	-6.1090e-01	-4.9400e-01	-1.9200e+00
2.6782e+02	1.5613e+00	5.1900e-01	-9.3620e-01	1.7346e+00	-6.1200e-01	-4.9240e-01	-1.9200e+00
2.6782e+02	1.5615e+00	5.1780e-01	-9.3600e-01	1.7347e+00	-6.1310e-01	-4.9080e-01	-1.9199e+00
2.6783e+02	1.5617e+00	5.1660e-01	-9.3590e-01	1.7347e+00	-6.1430e-01	-4.8910e-01	-1.9198e+00
2.6783e+02	1.5620e+00	5.1540e-01	-9.3570e-01	1.7347e+00	-6.1570e-01	-4.8740e-01	-1.9198e+00
2.6783e+02	1.5622e+00	5.1420e-01	-9.3550e-01	1.7347e+00	-6.1720e-01	-4.8560e-01	-1.9197e+00
2.6783e+02	1.5624e+00	5.1300e-01	-9.3530e-01	1.7347e+00	-6.1870e-01	-4.8370e-01	-1.9196e+00
2.6783e+02	1.5626e+00	5.1180e-01	-9.3500e-01	1.7348e+00	-6.2010e-01	-4.8190e-01	-1.9195e+00
2.6784e+02	1.5628e+00	5.1060e-01	-9.3480e-01	1.7348e+00	-6.2150e-01	-4.8000e-01	-1.9193e+00
2.6784e+02	1.5630e+00	5.0940e-01	-9.3460e-01	1.7348e+00	-6.2290e-01	-4.7830e-01	-1.9192e+00
2.6784e+02	1.5632e+00	5.0830e-01	-9.3440e-01	1.7348e+00	-6.2430e-01	-4.7660e-01	-1.9191e+00
2.6784e+02	1.5634e+00	5.0710e-01	-9.3420e-01	1.7348e+00	-6.2580e-01	-4.7480e-01	-1.9190e+00
2.6784e+02	1.5636e+00	5.0590e-01	-9.3400e-01	1.7348e+00	-6.2740e-01	-4.7300e-01	-1.9189e+00
2.6785e+02	1.5638e+00	5.0480e-01	-9.3380e-01	1.7348e+00	-6.2900e-01	-4.7120e-01	-1.9188e+00
2.6785e+02	1.5640e+00	5.0360e-01	-9.3360e-01	1.7348e+00	-6.3060e-01	-4.6940e-01	-1.9187e+00
2.6785e+02	1.5641e+00	5.0250e-01	-9.3330e-01	1.7348e+00	-6.3230e-01	-4.6760e-01	-1.9186e+00
2.6785e+02	1.5643e+00	5.0140e-01	-9.3310e-01	1.7348e+00	-6.3410e-01	-4.6590e-01	-1.9185e+00
2.6785e+02	1.5645e+00	5.0030e-01	-9.3280e-01	1.7348e+00	-6.3580e-01	-4.6410e-01	-1.9184e+00
2.6786e+02	1.5647e+00	4.9920e-01	-9.3250e-01	1.7347e+00	-6.3760e-01	-4.6230e-01	-1.9183e+00
2.6786e+02	1.5649e+00	4.9820e-01	-9.3230e-01	1.7347e+00	-6.3940e-01	-4.6060e-01	-1.9183e+00
2.6786e+02	1.5651e+00	4.9710e-01	-9.3210e-01	1.7348e+00	-6.4120e-01	-4.5880e-01	-1.9183e+00
2.6786e+02	1.5653e+00	4.9600e-01	-9.3180e-01	1.7348e+00	-6.4310e-01	-4.5690e-01	-1.9182e+00
2.6786e+02	1.5654e+00	4.9500e-01	-9.3150e-01	1.7347e+00	-6.4490e-01	-4.5510e-01	-1.9182e+00
2.6787e+02	1.5656e+00	4.9390e-01	-9.3130e-01	1.7347e+00	-6.4670e-01	-4.5340e-01	-1.9182e+00
2.6787e+02	1.5657e+00	4.9280e-01	-9.3110e-01	1.7347e+00	-6.4860e-01	-4.5160e-01	-1.9181e+00
2.6787e+02	1.5659e+00	4.9180e-01	-9.3090e-01	1.7347e+00	-6.5040e-01	-4.4980e-01	-1.9180e+00
2.6787e+02	1.5660e+00	4.9080e-01	-9.3070e-01	1.7347e+00	-6.5230e-01	-4.4800e-01	-1.9179e+00
