1.5351e+09	7.6970e-01	5.0600e-01	1.3260e-01	1.0100e+00	-1.2990e+00	-1.3440e-01	9.1840e-01
1.5351e+09	7.6970e-01	5.0490e-01	1.3170e-01	1.0100e+00	-1.2990e+00	-1.3440e-01	9.1850e-01
1.5351e+09	7.6970e-01	5.0380e-01	1.3080e-01	1.0100e+00	-1.2990e+00	-1.3430e-01	9.1870e-01
1.5351e+09	7.6970e-01	5.0270e-01	1.2990e-01	1.0100e+00	-1.2990e+00	-1.3430e-01	9.1880e-01
1.5351e+09	7.6970e-01	5.0160e-01	1.2890e-01	1.0100e+00	-1.2990e+00	-1.3430e-01	9.1890e-01
1.5351e+09	7.6970e-01	5.0050e-01	1.2800e-01	1.0100e+00	-1.2991e+00	-1.3440e-01	9.1910e-01
1.5351e+09	7.6970e-01	4.9940e-01	1.2710e-01	1.0100e+00	-1.2991e+00	-1.3440e-01	9.1920e-01
1.5351e+09	7.6970e-01	4.9830e-01	1.2610e-01	1.0100e+00	-1.2991e+00	-1.3440e-01	9.1930e-01
1.5351e+09	7.6970e-01	4.9730e-01	1.2530e-01	1.0100e+00	-1.2991e+00	-1.3440e-01	9.1950e-01
1.5351e+09	7.6970e-01	4.9620e-01	1.2430e-01	1.0100e+00	-1.2991e+00	-1.3440e-01	9.1960e-01
1.5351e+09	7.6970e-01	4.9510e-01	1.2340e-01	1.0099e+00	-1.2991e+00	-1.3440e-01	9.1970e-01
1.5351e+09	7.6970e-01	4.9400e-01	1.2240e-01	1.0099e+00	-1.2991e+00	-1.3440e-01	9.1980e-01
1.5351e+09	7.6970e-01	4.9290e-01	1.2140e-01	1.0099e+00	-1.2991e+00	-1.3450e-01	9.1990e-01
1.5351e+09	7.6970e-01	4.9180e-01	1.2040e-01	1.0099e+00	-1.2991e+00	-1.3450e-01	9.2000e-01
1.5351e+09	7.6970e-01	4.9070e-01	1.1940e-01	1.0100e+00	-1.2991e+00	-1.3450e-01	9.2010e-01
1.5351e+09	7.6970e-01	4.8960e-01	1.1840e-01	1.0100e+00	-1.2991e+00	-1.3450e-01	9.2020e-01
1.5351e+09	7.6960e-01	4.8860e-01	1.1750e-01	1.0100e+00	-1.2990e+00	-1.3460e-01	9.2030e-01
1.5351e+09	7.6960e-01	4.8750e-01	1.1650e-01	1.0099e+00	-1.2990e+00	-1.3460e-01	9.2040e-01
1.5351e+09	7.6960e-01	4.8640e-01	1.1540e-01	1.0099e+00	-1.2991e+00	-1.3460e-01	9.2050e-01
1.5351e+09	7.6960e-01	4.8530e-01	1.1440e-01	1.0099e+00	-1.2990e+00	-1.3460e-01	9.2060e-01
1.5351e+09	7.6960e-01	4.8430e-01	1.1340e-01	1.0099e+00	-1.2990e+00	-1.3460e-01	9.2080e-01
1.5351e+09	7.6960e-01	4.8310e-01	1.1230e-01	1.0099e+00	-1.2990e+00	-1.3460e-01	9.2100e-01
1.5351e+09	7.6970e-01	4.8210e-01	1.1120e-01	1.0099e+00	-1.2990e+00	-1.3460e-01	9.2120e-01
1.5351e+09	7.6970e-01	4.8100e-01	1.1020e-01	1.0099e+00	-1.2991e+00	-1.3460e-01	9.2150e-01
1.5351e+09	7.6960e-01	4.7990e-01	1.0910e-01	1.0099e+00	-1.2990e+00	-1.3460e-01	9.2170e-01
1.5351e+09	7.6960e-01	4.7880e-01	1.0810e-01	1.0099e+00	-1.2990e+00	-1.3460e-01	9.2200e-01
1.5351e+09	7.6960e-01	4.7780e-01	1.0710e-01	1.0099e+00	-1.2990e+00	-1.3460e-01	9.2230e-01
1.5351e+09	7.6960e-01	4.7670e-01	1.0600e-01	1.0100e+00	-1.2990e+00	-1.3460e-01	9.2260e-01
1.5351e+09	7.6970e-01	4.7560e-01	1.0500e-01	1.0100e+00	-1.2990e+00	-1.3470e-01	9.2300e-01
1.5351e+09	7.6960e-01	4.7450e-01	1.0390e-01	1.0101e+00	-1.2990e+00	-1.3470e-01	9.2330e-01
1.5351e+09	7.6960e-01	4.7350e-01	1.0280e-01	1.0101e+00	-1.2989e+00	-1.3480e-01	9.2380e-01
1.5351e+09	7.6960e-01	4.7240e-01	1.0180e-01	1.0101e+00	-1.2989e+00	-1.3480e-01	9.2420e-01
1.5351e+09	7.6960e-01	4.7140e-01	1.0070e-01	1.0101e+00	-1.2989e+00	-1.3480e-01	9.2470e-01
1.5351e+09	7.6960e-01	4.7030e-01	9.9600e-02	1.0101e+00	-1.2989e+00	-1.3480e-01	9.2520e-01
1.5351e+09	7.6960e-01	4.6930e-01	9.8600e-02	1.0101e+00	-1.2988e+00	-1.3480e-01	9.2580e-01
1.5351e+09	7.6960e-01	4.6830e-01	9.7500e-02	1.0101e+00	-1.2988e+00	-1.3490e-01	9.2640e-01
1.5351e+09	7.6960e-01	4.6720e-01	9.6400e-02	1.0102e+00	-1.2988e+00	-1.3490e-01	9.2710e-01
1.5351e+09	7.6960e-01	4.6620e-01	9.5300e-02	1.0102e+00	-1.2988e+00	-1.3500e-01	9.2780e-01
1.5351e+09	7.6960e-01	4.6520e-01	9.4300e-02	1.0101e+00	-1.2988e+00	-1.3500e-01	9.2860e-01
1.5351e+09	7.6970e-01	4.6420e-01	9.3200e-02	1.0101e+00	-1.2987e+00	-1.3500e-01	9.2950e-01
1.5351e+09	7.6960e-01	4.6320e-01	9.2100e-02	1.0100e+00	-1.2987e+00	-1.3500e-01	9.3040e-01
1.5351e+09	7.6960e-01	4.6220e-01	9.1000e-02	1.0100e+00	-1.2986e+00	-1.3500e-01	9.3130e-01
1.5351e+09	7.6960e-01	4.6120e-01	8.9900e-02	1.0100e+00	-1.2986e+00	-1.3500e-01	9.3230e-01
1.5351e+09	7.6960e-01	4.6020e-01	8.8900e-02	1.0100e+00	-1.2986e+00	-1.3510e-01	9.3330e-01
1.5351e+09	7.6960e-01	4.5920e-01	8.7800e-02	1.0100e+00	-1.2986e+00	-1.3510e-01	9.3430e-01
1.5351e+09	7.6960e-01	4.5820e-01	8.6800e-02	1.0100e+00	-1.2986e+00	-1.3520e-01	9.3530e-01
1.5351e+09	7.6970e-01	4.5720e-01	8.5800e-02	1.0099e+00	-1.2986e+00	-1.3520e-01	9.3640e-01
1.5351e+09	7.6960e-01	4.5630e-01	8.4700e-02	1.0099e+00	-1.2986e+00	-1.3520e-01	9.3740e-01
1.5351e+09	7.6960e-01	4.5530e-01	8.3600e-02	1.0099e+00	-1.2985e+00	-1.3520e-01	9.3840e-01
1.5351e+09	7.6960e-01	4.5440e-01	8.2500e-02	1.0099e+00	-1.2985e+00	-1.3530e-01	9.3940e-01
1.5351e+09	7.6960e-01	4.5340e-01	8.1400e-02	1.0099e+00	-1.2984e+00	-1.3530e-01	9.4030e-01
1.5351e+09	7.6960e-01	4.5250e-01	8.0300e-02	1.0098e+00	-1.2984e+00	-1.3530e-01	9.4130e-01
1.5351e+09	7.6960e-01	4.5160e-01	7.9200e-02	1.0098e+00	-1.2984e+00	-1.3530e-01	9.4220e-01
1.5351e+09	7.6960e-01	4.5070e-01	7.8100e-02	1.0098e+00	-1.2984e+00	-1.3530e-01	9.4310e-01
1.5351e+09	7.6960e-01	4.4970e-01	7.6900e-02	1.0097e+00	-1.2984e+00	-1.3530e-01	9.4400e-01
1.5351e+09	7.6960e-01	4.4880e-01	7.5800e-02	1.0097e+00	-1.2984e+00	-1.3540e-01	9.4490e-01
1.5351e+09	7.6960e-01	4.4790e-01	7.4700e-02	1.0097e+00	-1.2983e+00	-1.3540e-01	9.4580e-01
1.5351e+09	7.6960e-01	4.4690e-01	7.3600e-02	1.0097e+00	-1.2982e+00	-1.3550e-01	9.4670e-01
1.5351e+09	7.6960e-01	4.4600e-01	7.2500e-02	1.0097e+00	-1.2982e+00	-1.3560e-01	9.4750e-01
1.5351e+09	7.6960e-01	4.4510e-01	7.1400e-02	1.0097e+00	-1.2982e+00	-1.3560e-01	9.4840e-01
1.5351e+09	7.6960e-01	4.4420e-01	7.0200e-02	1.0097e+00	-1.2981e+00	-1.3570e-01	9.4930e-01
1.5351e+09	7.6960e-01	4.4330e-01	6.9100e-02	1.0097e+00	-1.2981e+00	-1.3570e-01	9.5010e-01
1.5351e+09	7.6960e-01	4.4240e-01	6.8100e-02	1.0097e+00	-1.2980e+00	-1.3570e-01	9.5090e-01
1.5351e+09	7.6960e-01	4.4160e-01	6.6900e-02	1.0097e+00	-1.2980e+00	-1.3570e-01	9.5180e-01
1.5351e+09	7.6960e-01	4.4070e-01	6.5800e-02	1.0097e+00	-1.2979e+00	-1.3580e-01	9.5260e-01
1.5351e+09	7.6960e-01	4.3990e-01	6.4700e-02	1.0097e+00	-1.2979e+00	-1.3580e-01	9.5350e-01
1.5351e+09	7.6960e-01	4.3900e-01	6.3500e-02	1.0097e+00	-1.2979e+00	-1.3590e-01	9.5430e-01
1.5351e+09	7.6960e-01	4.3820e-01	6.2300e-02	1.0097e+00	-1.2979e+00	-1.3590e-01	9.5520e-01
1.5351e+09	7.6960e-01	4.3730e-01	6.1200e-02	1.0097e+00	-1.2978e+00	-1.3590e-01	9.5600e-01
1.5351e+09	7.6960e-01	4.3650e-01	6.0000e-02	1.0097e+00	-1.2978e+00	-1.3600e-01	9.5680e-01
1.5351e+09	7.6960e-01	4.3570e-01	5.8900e-02	1.0097e+00	-1.2978e+00	-1.3600e-01	9.5760e-01
1.5351e+09	7.6960e-01	4.3490e-01	5.7700e-02	1.0097e+00	-1.2978e+00	-1.3600e-01	9.5830e-01
1.5351e+09	7.6960e-01	4.3410e-01	5.6500e-02	1.0097e+00	-1.2978e+00	-1.3610e-01	9.5900e-01
1.5351e+09	7.6960e-01	4.3330e-01	5.5400e-02	1.0097e+00	-1.2976e+00	-1.3620e-01	9.5960e-01
1.5351e+09	7.6960e-01	4.3250e-01	5.4300e-02	1.0098e+00	-1.2975e+00	-1.3630e-01	9.6020e-01
1.5351e+09	7.6960e-01	4.3180e-01	5.3100e-02	1.0098e+00	-1.2974e+00	-1.3640e-01	9.6080e-01
1.5351e+09	7.6960e-01	4.3100e-01	5.1900e-02	1.0098e+00	-1.2973e+00	-1.3650e-01	9.6130e-01
1.5351e+09	7.6960e-01	4.3030e-01	5.0800e-02	1.0098e+00	-1.2971e+00	-1.3660e-01	9.6170e-01
1.5351e+09	7.6960e-01	4.2960e-01	4.9700e-02	1.0098e+00	-1.2970e+00	-1.3670e-01	9.6220e-01
1.5351e+09	7.6960e-01	4.2890e-01	4.8600e-02	1.0098e+00	-1.2969e+00	-1.3680e-01	9.6270e-01
1.5351e+09	7.6960e-01	4.2820e-01	4.7500e-02	1.0097e+00	-1.2969e+00	-1.3680e-01	9.6310e-01
1.5351e+09	7.6960e-01	4.2740e-01	4.6300e-02	1.0098e+00	-1.2969e+00	-1.3690e-01	9.6360e-01
1.5351e+09	7.6960e-01	4.2680e-01	4.5200e-02	1.0098e+00	-1.2969e+00	-1.3700e-01	9.6420e-01
1.5351e+09	7.6960e-01	4.2610e-01	4.4000e-02	1.0098e+00	-1.2969e+00	-1.3700e-01	9.6470e-01
1.5351e+09	7.6960e-01	4.2550e-01	4.2900e-02	1.0098e+00	-1.2968e+00	-1.3710e-01	9.6530e-01
1.5351e+09	7.6960e-01	4.2480e-01	4.1900e-02	1.0098e+00	-1.2967e+00	-1.3710e-01	9.6590e-01
1.5351e+09	7.6960e-01	4.2420e-01	4.0800e-02	1.0098e+00	-1.2967e+00	-1.3710e-01	9.6650e-01
1.5351e+09	7.6960e-01	4.2360e-01	3.9800e-02	1.0098e+00	-1.2966e+00	-1.3710e-01	9.6710e-01
1.5351e+09	7.6960e-01	4.2300e-01	3.8800e-02	1.0098e+00	-1.2966e+00	-1.3710e-01	9.6760e-01
1.5351e+09	7.6960e-01	4.2240e-01	3.7800e-02	1.0098e+00	-1.2967e+00	-1.3710e-01	9.6820e-01
1.5351e+09	7.6960e-01	4.2180e-01	3.6700e-02	1.0098e+00	-1.2967e+00	-1.3710e-01	9.6880e-01
1.5351e+09	7.6960e-01	4.2120e-01	3.5700e-02	1.0098e+00	-1.2966e+00	-1.3710e-01	9.6930e-01
1.5351e+09	7.6960e-01	4.2060e-01	3.4700e-02	1.0098e+00	-1.2966e+00	-1.3710e-01	9.6990e-01
1.5351e+09	7.6960e-01	4.2000e-01	3.3700e-02	1.0098e+00	-1.2966e+00	-1.3710e-01	9.7050e-01
1.5351e+09	7.6950e-01	4.1940e-01	3.2700e-02	1.0099e+00	-1.2966e+00	-1.3710e-01	9.7120e-01
1.5351e+09	7.6950e-01	4.1880e-01	3.1700e-02	1.0099e+00	-1.2966e+00	-1.3710e-01	9.7180e-01
1.5351e+09	7.6950e-01	4.1830e-01	3.0700e-02	1.0099e+00	-1.2966e+00	-1.3710e-01	9.7240e-01
1.5351e+09	7.6950e-01	4.1770e-01	2.9800e-02	1.0099e+00	-1.2966e+00	-1.3710e-01	9.7290e-01
1.5351e+09	7.6950e-01	4.1720e-01	2.8900e-02	1.0099e+00	-1.2966e+00	-1.3710e-01	9.7350e-01
1.5351e+09	7.6950e-01	4.1670e-01	2.7900e-02	1.0100e+00	-1.2966e+00	-1.3710e-01	9.7390e-01
1.5351e+09	7.6950e-01	4.1620e-01	2.7100e-02	1.0100e+00	-1.2965e+00	-1.3710e-01	9.7440e-01
1.5351e+09	7.6950e-01	4.1580e-01	2.6200e-02	1.0100e+00	-1.2965e+00	-1.3710e-01	9.7480e-01
1.5351e+09	7.6950e-01	4.1530e-01	2.5400e-02	1.0101e+00	-1.2965e+00	-1.3710e-01	9.7520e-01
1.5351e+09	7.6950e-01	4.1480e-01	2.4600e-02	1.0101e+00	-1.2965e+00	-1.3710e-01	9.7550e-01
1.5351e+09	7.6950e-01	4.1440e-01	2.3800e-02	1.0101e+00	-1.2965e+00	-1.3710e-01	9.7590e-01
1.5351e+09	7.6950e-01	4.1390e-01	2.3100e-02	1.0102e+00	-1.2965e+00	-1.3700e-01	9.7620e-01
1.5351e+09	7.6950e-01	4.1350e-01	2.2300e-02	1.0102e+00	-1.2965e+00	-1.3700e-01	9.7650e-01
1.5351e+09	7.6950e-01	4.1300e-01	2.1600e-02	1.0102e+00	-1.2965e+00	-1.3700e-01	9.7680e-01
1.5351e+09	7.6950e-01	4.1260e-01	2.0800e-02	1.0102e+00	-1.2965e+00	-1.3700e-01	9.7700e-01
1.5351e+09	7.6950e-01	4.1220e-01	2.0100e-02	1.0102e+00	-1.2965e+00	-1.3710e-01	9.7730e-01
1.5351e+09	7.6940e-01	4.1190e-01	1.9400e-02	1.0103e+00	-1.2965e+00	-1.3710e-01	9.7760e-01
1.5351e+09	7.6940e-01	4.1150e-01	1.8800e-02	1.0103e+00	-1.2965e+00	-1.3710e-01	9.7790e-01
1.5351e+09	7.6940e-01	4.1120e-01	1.8200e-02	1.0104e+00	-1.2965e+00	-1.3700e-01	9.7820e-01
1.5351e+09	7.6940e-01	4.1090e-01	1.7600e-02	1.0104e+00	-1.2965e+00	-1.3700e-01	9.7860e-01
1.5351e+09	7.6940e-01	4.1060e-01	1.7000e-02	1.0103e+00	-1.2965e+00	-1.3700e-01	9.7890e-01
1.5351e+09	7.6940e-01	4.1030e-01	1.6400e-02	1.0103e+00	-1.2965e+00	-1.3700e-01	9.7930e-01
1.5351e+09	7.6940e-01	4.1000e-01	1.6000e-02	1.0103e+00	-1.2965e+00	-1.3700e-01	9.7970e-01
1.5351e+09	7.6930e-01	4.0970e-01	1.5500e-02	1.0103e+00	-1.2965e+00	-1.3700e-01	9.8010e-01
1.5351e+09	7.6930e-01	4.0950e-01	1.5000e-02	1.0103e+00	-1.2965e+00	-1.3700e-01	9.8060e-01
1.5351e+09	7.6920e-01	4.0920e-01	1.4600e-02	1.0103e+00	-1.2965e+00	-1.3700e-01	9.8100e-01
1.5351e+09	7.6920e-01	4.0900e-01	1.4200e-02	1.0103e+00	-1.2965e+00	-1.3700e-01	9.8140e-01
1.5351e+09	7.6920e-01	4.0870e-01	1.3700e-02	1.0103e+00	-1.2964e+00	-1.3700e-01	9.8190e-01
1.5351e+09	7.6910e-01	4.0850e-01	1.3300e-02	1.0103e+00	-1.2964e+00	-1.3690e-01	9.8230e-01
1.5351e+09	7.6910e-01	4.0830e-01	1.2800e-02	1.0103e+00	-1.2964e+00	-1.3690e-01	9.8280e-01
1.5351e+09	7.6900e-01	4.0810e-01	1.2500e-02	1.0103e+00	-1.2964e+00	-1.3690e-01	9.8330e-01
1.5351e+09	7.6900e-01	4.0790e-01	1.2100e-02	1.0103e+00	-1.2963e+00	-1.3690e-01	9.8380e-01
1.5351e+09	7.6890e-01	4.0770e-01	1.1700e-02	1.0102e+00	-1.2963e+00	-1.3700e-01	9.8430e-01
1.5351e+09	7.6890e-01	4.0760e-01	1.1300e-02	1.0102e+00	-1.2963e+00	-1.3700e-01	9.8490e-01
1.5351e+09	7.6880e-01	4.0740e-01	1.1000e-02	1.0102e+00	-1.2962e+00	-1.3700e-01	9.8540e-01
1.5351e+09	7.6880e-01	4.0730e-01	1.0700e-02	1.0102e+00	-1.2962e+00	-1.3710e-01	9.8600e-01
1.5351e+09	7.6870e-01	4.0720e-01	1.0500e-02	1.0102e+00	-1.2962e+00	-1.3710e-01	9.8660e-01
1.5351e+09	7.6870e-01	4.0710e-01	1.0200e-02	1.0102e+00	-1.2962e+00	-1.3710e-01	9.8710e-01
1.5351e+09	7.6870e-01	4.0700e-01	1.0000e-02	1.0102e+00	-1.2962e+00	-1.3710e-01	9.8770e-01
1.5351e+09	7.6860e-01	4.0690e-01	9.9000e-03	1.0102e+00	-1.2962e+00	-1.3710e-01	9.8830e-01
1.5351e+09	7.6860e-01	4.0690e-01	9.7000e-03	1.0102e+00	-1.2962e+00	-1.3710e-01	9.8890e-01
1.5351e+09	7.6850e-01	4.0680e-01	9.6000e-03	1.0102e+00	-1.2962e+00	-1.3710e-01	9.8950e-01
1.5351e+09	7.6850e-01	4.0680e-01	9.5000e-03	1.0102e+00	-1.2962e+00	-1.3710e-01	9.9010e-01
1.5351e+09	7.6840e-01	4.0670e-01	9.4000e-03	1.0101e+00	-1.2962e+00	-1.3710e-01	9.9060e-01
1.5351e+09	7.6840e-01	4.0670e-01	9.4000e-03	1.0101e+00	-1.2962e+00	-1.3710e-01	9.9120e-01
1.5351e+09	7.6830e-01	4.0670e-01	9.3000e-03	1.0101e+00	-1.2962e+00	-1.3710e-01	9.9170e-01
1.5351e+09	7.6830e-01	4.0680e-01	9.3000e-03	1.0101e+00	-1.2962e+00	-1.3710e-01	9.9220e-01
1.5351e+09	7.6820e-01	4.0680e-01	9.3000e-03	1.0101e+00	-1.2963e+00	-1.3710e-01	9.9260e-01
1.5351e+09	7.6810e-01	4.0680e-01	9.3000e-03	1.0101e+00	-1.2963e+00	-1.3700e-01	9.9310e-01
1.5351e+09	7.6810e-01	4.0680e-01	9.3000e-03	1.0101e+00	-1.2963e+00	-1.3700e-01	9.9350e-01
1.5351e+09	7.6800e-01	4.0680e-01	9.3000e-03	1.0101e+00	-1.2963e+00	-1.3700e-01	9.9390e-01
1.5351e+09	7.6800e-01	4.0690e-01	9.3000e-03	1.0101e+00	-1.2963e+00	-1.3700e-01	9.9430e-01
1.5351e+09	7.6790e-01	4.0690e-01	9.4000e-03	1.0101e+00	-1.2962e+00	-1.3700e-01	9.9470e-01
1.5351e+09	7.6790e-01	4.0700e-01	9.4000e-03	1.0101e+00	-1.2963e+00	-1.3710e-01	9.9510e-01
1.5351e+09	7.6780e-01	4.0710e-01	9.4000e-03	1.0101e+00	-1.2963e+00	-1.3710e-01	9.9550e-01
1.5351e+09	7.6780e-01	4.0720e-01	9.4000e-03	1.0101e+00	-1.2963e+00	-1.3720e-01	9.9580e-01
1.5351e+09	7.6780e-01	4.0730e-01	9.4000e-03	1.0102e+00	-1.2963e+00	-1.3720e-01	9.9620e-01
1.5351e+09	7.6780e-01	4.0740e-01	9.4000e-03	1.0102e+00	-1.2963e+00	-1.3730e-01	9.9650e-01
1.5351e+09	7.6780e-01	4.0750e-01	9.5000e-03	1.0102e+00	-1.2962e+00	-1.3730e-01	9.9680e-01
1.5351e+09	7.6780e-01	4.0770e-01	9.5000e-03	1.0102e+00	-1.2962e+00	-1.3730e-01	9.9710e-01
1.5351e+09	7.6780e-01	4.0790e-01	9.5000e-03	1.0102e+00	-1.2962e+00	-1.3730e-01	9.9740e-01
1.5351e+09	7.6780e-01	4.0810e-01	9.6000e-03	1.0103e+00	-1.2961e+00	-1.3740e-01	9.9760e-01
1.5351e+09	7.6780e-01	4.0830e-01	9.6000e-03	1.0103e+00	-1.2961e+00	-1.3740e-01	9.9770e-01
1.5351e+09	7.6780e-01	4.0850e-01	9.7000e-03	1.0103e+00	-1.2961e+00	-1.3750e-01	9.9780e-01
1.5351e+09	7.6780e-01	4.0880e-01	9.8000e-03	1.0103e+00	-1.2961e+00	-1.3750e-01	9.9790e-01
1.5351e+09	7.6780e-01	4.0900e-01	9.9000e-03	1.0103e+00	-1.2961e+00	-1.3750e-01	9.9800e-01
1.5351e+09	7.6780e-01	4.0920e-01	1.0000e-02	1.0103e+00	-1.2961e+00	-1.3750e-01	9.9800e-01
1.5351e+09	7.6780e-01	4.0950e-01	1.0200e-02	1.0103e+00	-1.2961e+00	-1.3750e-01	9.9800e-01
1.5351e+09	7.6780e-01	4.0980e-01	1.0300e-02	1.0103e+00	-1.2961e+00	-1.3750e-01	9.9800e-01
1.5351e+09	7.6780e-01	4.1000e-01	1.0500e-02	1.0103e+00	-1.2961e+00	-1.3750e-01	9.9800e-01
1.5351e+09	7.6780e-01	4.1030e-01	1.0700e-02	1.0103e+00	-1.2961e+00	-1.3750e-01	9.9790e-01
1.5351e+09	7.6780e-01	4.1070e-01	1.0900e-02	1.0103e+00	-1.2961e+00	-1.3750e-01	9.9790e-01
1.5351e+09	7.6780e-01	4.1100e-01	1.1100e-02	1.0103e+00	-1.2961e+00	-1.3750e-01	9.9790e-01
1.5351e+09	7.6780e-01	4.1130e-01	1.1200e-02	1.0103e+00	-1.2961e+00	-1.3750e-01	9.9790e-01
1.5351e+09	7.6780e-01	4.1160e-01	1.1400e-02	1.0103e+00	-1.2961e+00	-1.3750e-01	9.9780e-01
1.5351e+09	7.6780e-01	4.1200e-01	1.1600e-02	1.0103e+00	-1.2961e+00	-1.3750e-01	9.9780e-01
1.5351e+09	7.6780e-01	4.1230e-01	1.1800e-02	1.0103e+00	-1.2961e+00	-1.3750e-01	9.9780e-01
1.5351e+09	7.6780e-01	4.1270e-01	1.1900e-02	1.0103e+00	-1.2961e+00	-1.3750e-01	9.9780e-01
1.5351e+09	7.6780e-01	4.1310e-01	1.2100e-02	1.0103e+00	-1.2961e+00	-1.3760e-01	9.9780e-01
1.5351e+09	7.6780e-01	4.1350e-01	1.2300e-02	1.0103e+00	-1.2961e+00	-1.3770e-01	9.9780e-01
1.5351e+09	7.6780e-01	4.1400e-01	1.2500e-02	1.0103e+00	-1.2960e+00	-1.3770e-01	9.9780e-01
1.5351e+09	7.6780e-01	4.1450e-01	1.2700e-02	1.0103e+00	-1.2960e+00	-1.3780e-01	9.9780e-01
1.5351e+09	7.6780e-01	4.1490e-01	1.2900e-02	1.0103e+00	-1.2959e+00	-1.3790e-01	9.9780e-01
1.5351e+09	7.6780e-01	4.1540e-01	1.3100e-02	1.0103e+00	-1.2958e+00	-1.3800e-01	9.9780e-01
1.5351e+09	7.6780e-01	4.1590e-01	1.3300e-02	1.0103e+00	-1.2957e+00	-1.3820e-01	9.9770e-01
1.5351e+09	7.6780e-01	4.1640e-01	1.3500e-02	1.0102e+00	-1.2956e+00	-1.3830e-01	9.9770e-01
1.5351e+09	7.6780e-01	4.1680e-01	1.3700e-02	1.0102e+00	-1.2955e+00	-1.3840e-01	9.9760e-01
1.5351e+09	7.6780e-01	4.1730e-01	1.3900e-02	1.0102e+00	-1.2954e+00	-1.3850e-01	9.9760e-01
1.5351e+09	7.6780e-01	4.1780e-01	1.4100e-02	1.0103e+00	-1.2952e+00	-1.3860e-01	9.9750e-01
1.5351e+09	7.6780e-01	4.1840e-01	1.4400e-02	1.0103e+00	-1.2951e+00	-1.3870e-01	9.9750e-01
1.5351e+09	7.6780e-01	4.1890e-01	1.4600e-02	1.0103e+00	-1.2950e+00	-1.3880e-01	9.9750e-01
1.5351e+09	7.6780e-01	4.1950e-01	1.4900e-02	1.0103e+00	-1.2950e+00	-1.3890e-01	9.9750e-01
1.5351e+09	7.6780e-01	4.2010e-01	1.5200e-02	1.0102e+00	-1.2948e+00	-1.3900e-01	9.9750e-01
1.5351e+09	7.6780e-01	4.2080e-01	1.5500e-02	1.0102e+00	-1.2947e+00	-1.3910e-01	9.9750e-01
1.5351e+09	7.6780e-01	4.2140e-01	1.5700e-02	1.0102e+00	-1.2946e+00	-1.3930e-01	9.9750e-01
1.5351e+09	7.6780e-01	4.2190e-01	1.6000e-02	1.0102e+00	-1.2945e+00	-1.3940e-01	9.9750e-01
1.5351e+09	7.6780e-01	4.2250e-01	1.6300e-02	1.0102e+00	-1.2944e+00	-1.3950e-01	9.9740e-01
1.5351e+09	7.6780e-01	4.2310e-01	1.6700e-02	1.0102e+00	-1.2944e+00	-1.3960e-01	9.9740e-01
1.5351e+09	7.6780e-01	4.2370e-01	1.7000e-02	1.0102e+00	-1.2943e+00	-1.3970e-01	9.9740e-01
1.5351e+09	7.6780e-01	4.2430e-01	1.7400e-02	1.0102e+00	-1.2943e+00	-1.3970e-01	9.9740e-01
1.5351e+09	7.6780e-01	4.2500e-01	1.7700e-02	1.0102e+00	-1.2942e+00	-1.3980e-01	9.9740e-01
1.5351e+09	7.6780e-01	4.2560e-01	1.8100e-02	1.0102e+00	-1.2941e+00	-1.3980e-01	9.9740e-01
1.5351e+09	7.6780e-01	4.2630e-01	1.8400e-02	1.0102e+00	-1.2940e+00	-1.3990e-01	9.9730e-01
1.5351e+09	7.6780e-01	4.2700e-01	1.8700e-02	1.0102e+00	-1.2940e+00	-1.4000e-01	9.9730e-01
1.5351e+09	7.6780e-01	4.2770e-01	1.9100e-02	1.0103e+00	-1.2939e+00	-1.4010e-01	9.9730e-01
1.5351e+09	7.6780e-01	4.2840e-01	1.9500e-02	1.0103e+00	-1.2938e+00	-1.4010e-01	9.9730e-01
1.5351e+09	7.6780e-01	4.2920e-01	1.9800e-02	1.0102e+00	-1.2937e+00	-1.4020e-01	9.9730e-01
1.5351e+09	7.6780e-01	4.3000e-01	2.0200e-02	1.0102e+00	-1.2937e+00	-1.4020e-01	9.9730e-01
1.5351e+09	7.6780e-01	4.3070e-01	2.0600e-02	1.0102e+00	-1.2937e+00	-1.4020e-01	9.9730e-01
1.5351e+09	7.6780e-01	4.3150e-01	2.1000e-02	1.0102e+00	-1.2937e+00	-1.4020e-01	9.9730e-01
1.5351e+09	7.6780e-01	4.3230e-01	2.1400e-02	1.0102e+00	-1.2937e+00	-1.4020e-01	9.9720e-01
1.5351e+09	7.6780e-01	4.3310e-01	2.1800e-02	1.0102e+00	-1.2938e+00	-1.4020e-01	9.9720e-01
1.5351e+09	7.6780e-01	4.3380e-01	2.2100e-02	1.0102e+00	-1.2938e+00	-1.4010e-01	9.9720e-01
1.5351e+09	7.6780e-01	4.3470e-01	2.2500e-02	1.0102e+00	-1.2938e+00	-1.4010e-01	9.9710e-01
1.5351e+09	7.6780e-01	4.3550e-01	2.2900e-02	1.0101e+00	-1.2937e+00	-1.4020e-01	9.9710e-01
1.5351e+09	7.6780e-01	4.3630e-01	2.3200e-02	1.0101e+00	-1.2937e+00	-1.4020e-01	9.9700e-01
1.5351e+09	7.6780e-01	4.3710e-01	2.3600e-02	1.0101e+00	-1.2937e+00	-1.4020e-01	9.9690e-01
1.5351e+09	7.6780e-01	4.3800e-01	2.4000e-02	1.0101e+00	-1.2937e+00	-1.4030e-01	9.9690e-01
1.5351e+09	7.6780e-01	4.3890e-01	2.4400e-02	1.0101e+00	-1.2937e+00	-1.4030e-01	9.9680e-01
1.5351e+09	7.6780e-01	4.3980e-01	2.4800e-02	1.0101e+00	-1.2938e+00	-1.4040e-01	9.9670e-01
1.5351e+09	7.6780e-01	4.4070e-01	2.5300e-02	1.0100e+00	-1.2938e+00	-1.4050e-01	9.9670e-01
1.5351e+09	7.6780e-01	4.4160e-01	2.5700e-02	1.0100e+00	-1.2938e+00	-1.4060e-01	9.9670e-01
1.5351e+09	7.6780e-01	4.4250e-01	2.6200e-02	1.0100e+00	-1.2937e+00	-1.4060e-01	9.9660e-01
1.5351e+09	7.6780e-01	4.4340e-01	2.6600e-02	1.0100e+00	-1.2937e+00	-1.4070e-01	9.9660e-01
1.5351e+09	7.6780e-01	4.4430e-01	2.7000e-02	1.0100e+00	-1.2936e+00	-1.4070e-01	9.9660e-01
1.5351e+09	7.6780e-01	4.4520e-01	2.7500e-02	1.0100e+00	-1.2936e+00	-1.4060e-01	9.9660e-01
1.5351e+09	7.6780e-01	4.4610e-01	2.7800e-02	1.0100e+00	-1.2936e+00	-1.4060e-01	9.9670e-01
1.5351e+09	7.6780e-01	4.4710e-01	2.8200e-02	1.0100e+00	-1.2935e+00	-1.4060e-01	9.9670e-01
1.5351e+09	7.6780e-01	4.4800e-01	2.8700e-02	1.0100e+00	-1.2935e+00	-1.4050e-01	9.9670e-01
1.5351e+09	7.6780e-01	4.4900e-01	2.9100e-02	1.0100e+00	-1.2935e+00	-1.4050e-01	9.9670e-01
1.5351e+09	7.6780e-01	4.5000e-01	2.9500e-02	1.0099e+00	-1.2936e+00	-1.4050e-01	9.9670e-01
1.5351e+09	7.6780e-01	4.5100e-01	3.0000e-02	1.0099e+00	-1.2936e+00	-1.4060e-01	9.9670e-01
1.5351e+09	7.6780e-01	4.5200e-01	3.0400e-02	1.0099e+00	-1.2936e+00	-1.4060e-01	9.9670e-01
1.5351e+09	7.6780e-01	4.5300e-01	3.0800e-02	1.0099e+00	-1.2936e+00	-1.4060e-01	9.9670e-01
1.5351e+09	7.6780e-01	4.5400e-01	3.1200e-02	1.0099e+00	-1.2936e+00	-1.4060e-01	9.9670e-01
1.5351e+09	7.6780e-01	4.5500e-01	3.1600e-02	1.0098e+00	-1.2936e+00	-1.4060e-01	9.9670e-01
1.5351e+09	7.6780e-01	4.5600e-01	3.1900e-02	1.0098e+00	-1.2935e+00	-1.4060e-01	9.9670e-01
1.5351e+09	7.6780e-01	4.5700e-01	3.2300e-02	1.0097e+00	-1.2935e+00	-1.4050e-01	9.9670e-01
1.5351e+09	7.6780e-01	4.5810e-01	3.2700e-02	1.0097e+00	-1.2935e+00	-1.4050e-01	9.9670e-01
1.5351e+09	7.6780e-01	4.5910e-01	3.3000e-02	1.0097e+00	-1.2935e+00	-1.4050e-01	9.9670e-01
1.5351e+09	7.6780e-01	4.6020e-01	3.3400e-02	1.0097e+00	-1.2935e+00	-1.4050e-01	9.9670e-01
1.5351e+09	7.6780e-01	4.6130e-01	3.3800e-02	1.0097e+00	-1.2936e+00	-1.4050e-01	9.9670e-01
1.5351e+09	7.6780e-01	4.6230e-01	3.4100e-02	1.0096e+00	-1.2936e+00	-1.4060e-01	9.9670e-01
1.5351e+09	7.6780e-01	4.6350e-01	3.4500e-02	1.0096e+00	-1.2936e+00	-1.4060e-01	9.9670e-01
1.5351e+09	7.6780e-01	4.6460e-01	3.4900e-02	1.0096e+00	-1.2936e+00	-1.4060e-01	9.9670e-01
1.5351e+09	7.6780e-01	4.6560e-01	3.5300e-02	1.0095e+00	-1.2936e+00	-1.4060e-01	9.9670e-01
1.5351e+09	7.6780e-01	4.6670e-01	3.5600e-02	1.0095e+00	-1.2936e+00	-1.4060e-01	9.9670e-01
1.5351e+09	7.6780e-01	4.6790e-01	3.6000e-02	1.0095e+00	-1.2936e+00	-1.4060e-01	9.9670e-01
1.5351e+09	7.6780e-01	4.6900e-01	3.6400e-02	1.0094e+00	-1.2936e+00	-1.4060e-01	9.9670e-01
1.5351e+09	7.6780e-01	4.7010e-01	3.6800e-02	1.0093e+00	-1.2937e+00	-1.4060e-01	9.9670e-01
1.5351e+09	7.6780e-01	4.7130e-01	3.7200e-02	1.0093e+00	-1.2937e+00	-1.4070e-01	9.9670e-01
1.5351e+09	7.6780e-01	4.7240e-01	3.7700e-02	1.0093e+00	-1.2936e+00	-1.4060e-01	9.9670e-01
1.5351e+09	7.6780e-01	4.7360e-01	3.8100e-02	1.0092e+00	-1.2936e+00	-1.4060e-01	9.9670e-01
1.5351e+09	7.6780e-01	4.7470e-01	3.8500e-02	1.0091e+00	-1.2935e+00	-1.4060e-01	9.9670e-01
1.5351e+09	7.6780e-01	4.7590e-01	3.8900e-02	1.0091e+00	-1.2935e+00	-1.4050e-01	9.9670e-01
1.5351e+09	7.6780e-01	4.7740e-01	3.9400e-02	1.0090e+00	-1.2936e+00	-1.4060e-01	9.9670e-01
1.5351e+09	7.6780e-01	4.7920e-01	4.0100e-02	1.0090e+00	-1.2937e+00	-1.4060e-01	9.9670e-01
1.5351e+09	7.6780e-01	4.8080e-01	4.0600e-02	1.0089e+00	-1.2937e+00	-1.4070e-01	9.9670e-01
1.5351e+09	7.6780e-01	4.8200e-01	4.1000e-02	1.0088e+00	-1.2937e+00	-1.4070e-01	9.9680e-01
1.5351e+09	7.6780e-01	4.8310e-01	4.1400e-02	1.0088e+00	-1.2936e+00	-1.4060e-01	9.9680e-01
1.5351e+09	7.6780e-01	4.8440e-01	4.1800e-02	1.0087e+00	-1.2937e+00	-1.4070e-01	9.9680e-01
1.5351e+09	7.6780e-01	4.8560e-01	4.2100e-02	1.0087e+00	-1.2937e+00	-1.4070e-01	9.9690e-01
1.5351e+09	7.6780e-01	4.8680e-01	4.2500e-02	1.0086e+00	-1.2937e+00	-1.4070e-01	9.9690e-01
1.5351e+09	7.6780e-01	4.8810e-01	4.2900e-02	1.0085e+00	-1.2936e+00	-1.4060e-01	9.9680e-01
1.5351e+09	7.6780e-01	4.8940e-01	4.3300e-02	1.0084e+00	-1.2936e+00	-1.4060e-01	9.9680e-01
1.5351e+09	7.6780e-01	4.9070e-01	4.3700e-02	1.0083e+00	-1.2936e+00	-1.4060e-01	9.9680e-01
1.5351e+09	7.6780e-01	4.9200e-01	4.4100e-02	1.0082e+00	-1.2936e+00	-1.4060e-01	9.9680e-01
1.5351e+09	7.6780e-01	4.9320e-01	4.4500e-02	1.0081e+00	-1.2937e+00	-1.4060e-01	9.9680e-01
1.5351e+09	7.6780e-01	4.9450e-01	4.4900e-02	1.0080e+00	-1.2937e+00	-1.4070e-01	9.9680e-01
1.5351e+09	7.6780e-01	4.9580e-01	4.5200e-02	1.0079e+00	-1.2937e+00	-1.4070e-01	9.9680e-01
1.5351e+09	7.6780e-01	4.9710e-01	4.5600e-02	1.0078e+00	-1.2936e+00	-1.4060e-01	9.9680e-01
1.5351e+09	7.6780e-01	4.9840e-01	4.5900e-02	1.0077e+00	-1.2937e+00	-1.4070e-01	9.9680e-01
1.5351e+09	7.6780e-01	4.9980e-01	4.6200e-02	1.0075e+00	-1.2937e+00	-1.4070e-01	9.9680e-01
1.5351e+09	7.6780e-01	5.0110e-01	4.6600e-02	1.0074e+00	-1.2937e+00	-1.4070e-01	9.9680e-01
1.5351e+09	7.6780e-01	5.0240e-01	4.7000e-02	1.0073e+00	-1.2936e+00	-1.4060e-01	9.9680e-01
1.5351e+09	7.6780e-01	5.0370e-01	4.7300e-02	1.0072e+00	-1.2936e+00	-1.4060e-01	9.9680e-01
1.5351e+09	7.6780e-01	5.0510e-01	4.7700e-02	1.0071e+00	-1.2936e+00	-1.4060e-01	9.9680e-01
1.5351e+09	7.6780e-01	5.0640e-01	4.8100e-02	1.0069e+00	-1.2936e+00	-1.4060e-01	9.9680e-01
1.5351e+09	7.6780e-01	5.0780e-01	4.8500e-02	1.0068e+00	-1.2936e+00	-1.4070e-01	9.9680e-01
1.5351e+09	7.6780e-01	5.0910e-01	4.8900e-02	1.0067e+00	-1.2936e+00	-1.4070e-01	9.9680e-01
1.5351e+09	7.6780e-01	5.1040e-01	4.9300e-02	1.0066e+00	-1.2936e+00	-1.4070e-01	9.9680e-01
1.5351e+09	7.6780e-01	5.1180e-01	4.9700e-02	1.0064e+00	-1.2936e+00	-1.4070e-01	9.9680e-01
1.5351e+09	7.6780e-01	5.1310e-01	5.0100e-02	1.0063e+00	-1.2936e+00	-1.4080e-01	9.9680e-01
1.5351e+09	7.6780e-01	5.1450e-01	5.0500e-02	1.0062e+00	-1.2936e+00	-1.4080e-01	9.9670e-01
1.5351e+09	7.6780e-01	5.1590e-01	5.1000e-02	1.0061e+00	-1.2936e+00	-1.4080e-01	9.9670e-01
1.5351e+09	7.6780e-01	5.1730e-01	5.1400e-02	1.0060e+00	-1.2936e+00	-1.4080e-01	9.9670e-01
1.5351e+09	7.6780e-01	5.1870e-01	5.1800e-02	1.0058e+00	-1.2936e+00	-1.4070e-01	9.9670e-01
1.5351e+09	7.6780e-01	5.2010e-01	5.2200e-02	1.0056e+00	-1.2936e+00	-1.4070e-01	9.9670e-01
1.5351e+09	7.6780e-01	5.2140e-01	5.2700e-02	1.0054e+00	-1.2936e+00	-1.4070e-01	9.9670e-01
1.5351e+09	7.6780e-01	5.2280e-01	5.3100e-02	1.0053e+00	-1.2935e+00	-1.4070e-01	9.9670e-01
1.5351e+09	7.6780e-01	5.2420e-01	5.3500e-02	1.0051e+00	-1.2935e+00	-1.4070e-01	9.9680e-01
1.5351e+09	7.6780e-01	5.2570e-01	5.3900e-02	1.0049e+00	-1.2935e+00	-1.4070e-01	9.9680e-01
1.5351e+09	7.6780e-01	5.2710e-01	5.4400e-02	1.0048e+00	-1.2936e+00	-1.4070e-01	9.9680e-01
1.5351e+09	7.6780e-01	5.2850e-01	5.4800e-02	1.0046e+00	-1.2936e+00	-1.4070e-01	9.9680e-01
1.5351e+09	7.6780e-01	5.2990e-01	5.5200e-02	1.0044e+00	-1.2936e+00	-1.4070e-01	9.9680e-01
1.5351e+09	7.6780e-01	5.3140e-01	5.5600e-02	1.0042e+00	-1.2936e+00	-1.4080e-01	9.9680e-01
1.5351e+09	7.6780e-01	5.3290e-01	5.6000e-02	1.0040e+00	-1.2936e+00	-1.4080e-01	9.9680e-01
1.5351e+09	7.6780e-01	5.3430e-01	5.6400e-02	1.0037e+00	-1.2936e+00	-1.4070e-01	9.9680e-01
1.5351e+09	7.6780e-01	5.3580e-01	5.6700e-02	1.0035e+00	-1.2935e+00	-1.4070e-01	9.9680e-01
1.5351e+09	7.6780e-01	5.3730e-01	5.7100e-02	1.0032e+00	-1.2935e+00	-1.4070e-01	9.9680e-01
1.5351e+09	7.6780e-01	5.3870e-01	5.7400e-02	1.0029e+00	-1.2936e+00	-1.4070e-01	9.9680e-01
1.5351e+09	7.6780e-01	5.4020e-01	5.7800e-02	1.0025e+00	-1.2936e+00	-1.4070e-01	9.9680e-01
1.5351e+09	7.6780e-01	5.4170e-01	5.8200e-02	1.0022e+00	-1.2936e+00	-1.4070e-01	9.9680e-01
1.5351e+09	7.6780e-01	5.4310e-01	5.8600e-02	1.0019e+00	-1.2936e+00	-1.4080e-01	9.9680e-01
1.5351e+09	7.6780e-01	5.4460e-01	5.8900e-02	1.0016e+00	-1.2936e+00	-1.4080e-01	9.9680e-01
1.5351e+09	7.6780e-01	5.4610e-01	5.9300e-02	1.0013e+00	-1.2936e+00	-1.4080e-01	9.9670e-01
1.5351e+09	7.6780e-01	5.4760e-01	5.9600e-02	1.0010e+00	-1.2936e+00	-1.4080e-01	9.9670e-01
1.5351e+09	7.6780e-01	5.4910e-01	6.0000e-02	1.0007e+00	-1.2936e+00	-1.4080e-01	9.9660e-01
1.5351e+09	7.6780e-01	5.5060e-01	6.0300e-02	1.0003e+00	-1.2936e+00	-1.4080e-01	9.9650e-01
1.5351e+09	7.6780e-01	5.5210e-01	6.0700e-02	1.0000e+00	-1.2936e+00	-1.4080e-01	9.9640e-01
1.5351e+09	7.6780e-01	5.5360e-01	6.1100e-02	9.9960e-01	-1.2936e+00	-1.4080e-01	9.9630e-01
1.5351e+09	7.6780e-01	5.5510e-01	6.1500e-02	9.9930e-01	-1.2936e+00	-1.4080e-01	9.9630e-01
1.5351e+09	7.6780e-01	5.5660e-01	6.1900e-02	9.9890e-01	-1.2936e+00	-1.4080e-01	9.9620e-01
1.5351e+09	7.6780e-01	5.5810e-01	6.2300e-02	9.9850e-01	-1.2936e+00	-1.4080e-01	9.9620e-01
1.5351e+09	7.6780e-01	5.5970e-01	6.2700e-02	9.9820e-01	-1.2936e+00	-1.4070e-01	9.9610e-01
1.5351e+09	7.6780e-01	5.6120e-01	6.3100e-02	9.9780e-01	-1.2936e+00	-1.4070e-01	9.9610e-01
1.5351e+09	7.6780e-01	5.6270e-01	6.3500e-02	9.9750e-01	-1.2936e+00	-1.4070e-01	9.9610e-01
1.5351e+09	7.6780e-01	5.6420e-01	6.3900e-02	9.9710e-01	-1.2936e+00	-1.4070e-01	9.9600e-01
1.5351e+09	7.6780e-01	5.6580e-01	6.4400e-02	9.9680e-01	-1.2935e+00	-1.4070e-01	9.9600e-01
1.5351e+09	7.6780e-01	5.6730e-01	6.4800e-02	9.9640e-01	-1.2935e+00	-1.4070e-01	9.9600e-01
1.5351e+09	7.6780e-01	5.6880e-01	6.5200e-02	9.9610e-01	-1.2935e+00	-1.4060e-01	9.9600e-01
1.5351e+09	7.6780e-01	5.7030e-01	6.5700e-02	9.9570e-01	-1.2935e+00	-1.4060e-01	9.9600e-01
1.5351e+09	7.6780e-01	5.7180e-01	6.6100e-02	9.9530e-01	-1.2935e+00	-1.4070e-01	9.9600e-01
1.5351e+09	7.6780e-01	5.7340e-01	6.6500e-02	9.9490e-01	-1.2936e+00	-1.4070e-01	9.9600e-01
1.5351e+09	7.6780e-01	5.7490e-01	6.6900e-02	9.9460e-01	-1.2936e+00	-1.4070e-01	9.9610e-01
1.5351e+09	7.6780e-01	5.7650e-01	6.7300e-02	9.9430e-01	-1.2936e+00	-1.4070e-01	9.9610e-01
1.5351e+09	7.6780e-01	5.7800e-01	6.7800e-02	9.9390e-01	-1.2935e+00	-1.4070e-01	9.9610e-01
1.5351e+09	7.6780e-01	5.7960e-01	6.8200e-02	9.9350e-01	-1.2935e+00	-1.4070e-01	9.9610e-01
1.5351e+09	7.6780e-01	5.8110e-01	6.8500e-02	9.9320e-01	-1.2935e+00	-1.4070e-01	9.9610e-01
1.5351e+09	7.6780e-01	5.8260e-01	6.8900e-02	9.9280e-01	-1.2935e+00	-1.4070e-01	9.9610e-01
1.5351e+09	7.6780e-01	5.8410e-01	6.9300e-02	9.9250e-01	-1.2936e+00	-1.4070e-01	9.9620e-01
1.5351e+09	7.6780e-01	5.8570e-01	6.9800e-02	9.9210e-01	-1.2936e+00	-1.4070e-01	9.9620e-01
1.5351e+09	7.6780e-01	5.8730e-01	7.0200e-02	9.9170e-01	-1.2936e+00	-1.4070e-01	9.9620e-01
1.5351e+09	7.6780e-01	5.8880e-01	7.0600e-02	9.9140e-01	-1.2935e+00	-1.4070e-01	9.9630e-01
1.5351e+09	7.6780e-01	5.9030e-01	7.1000e-02	9.9100e-01	-1.2935e+00	-1.4070e-01	9.9630e-01
1.5351e+09	7.6780e-01	5.9180e-01	7.1400e-02	9.9070e-01	-1.2935e+00	-1.4070e-01	9.9630e-01
1.5351e+09	7.6780e-01	5.9340e-01	7.1800e-02	9.9030e-01	-1.2935e+00	-1.4080e-01	9.9630e-01
1.5351e+09	7.6780e-01	5.9490e-01	7.2200e-02	9.8990e-01	-1.2935e+00	-1.4080e-01	9.9620e-01
1.5351e+09	7.6780e-01	5.9640e-01	7.2600e-02	9.8960e-01	-1.2935e+00	-1.4080e-01	9.9620e-01
1.5351e+09	7.6780e-01	5.9790e-01	7.3100e-02	9.8920e-01	-1.2935e+00	-1.4080e-01	9.9620e-01
1.5351e+09	7.6780e-01	5.9940e-01	7.3500e-02	9.8880e-01	-1.2935e+00	-1.4080e-01	9.9620e-01
1.5351e+09	7.6780e-01	6.0090e-01	7.4000e-02	9.8850e-01	-1.2935e+00	-1.4080e-01	9.9620e-01
1.5351e+09	7.6780e-01	6.0240e-01	7.4500e-02	9.8820e-01	-1.2935e+00	-1.4080e-01	9.9620e-01
1.5351e+09	7.6780e-01	6.0390e-01	7.4900e-02	9.8780e-01	-1.2935e+00	-1.4080e-01	9.9620e-01
1.5351e+09	7.6780e-01	6.0540e-01	7.5300e-02	9.8750e-01	-1.2935e+00	-1.4080e-01	9.9630e-01
1.5351e+09	7.6780e-01	6.0700e-01	7.5800e-02	9.8730e-01	-1.2935e+00	-1.4080e-01	9.9630e-01
1.5351e+09	7.6780e-01	6.0850e-01	7.6200e-02	9.8700e-01	-1.2935e+00	-1.4080e-01	9.9630e-01
1.5351e+09	7.6780e-01	6.1000e-01	7.6600e-02	9.8660e-01	-1.2935e+00	-1.4080e-01	9.9630e-01
1.5351e+09	7.6780e-01	6.1150e-01	7.7000e-02	9.8630e-01	-1.2935e+00	-1.4080e-01	9.9630e-01
1.5351e+09	7.6780e-01	6.1300e-01	7.7400e-02	9.8600e-01	-1.2935e+00	-1.4080e-01	9.9630e-01
1.5351e+09	7.6780e-01	6.1450e-01	7.7800e-02	9.8570e-01	-1.2935e+00	-1.4080e-01	9.9640e-01
1.5351e+09	7.6780e-01	6.1590e-01	7.8200e-02	9.8530e-01	-1.2935e+00	-1.4080e-01	9.9640e-01
1.5351e+09	7.6780e-01	6.1740e-01	7.8600e-02	9.8500e-01	-1.2935e+00	-1.4080e-01	9.9640e-01
1.5351e+09	7.6780e-01	6.1890e-01	7.9000e-02	9.8470e-01	-1.2935e+00	-1.4080e-01	9.9650e-01
1.5351e+09	7.6780e-01	6.2040e-01	7.9400e-02	9.8440e-01	-1.2935e+00	-1.4080e-01	9.9650e-01
1.5351e+09	7.6780e-01	6.2180e-01	7.9800e-02	9.8410e-01	-1.2935e+00	-1.4090e-01	9.9650e-01
1.5351e+09	7.6780e-01	6.2330e-01	8.0200e-02	9.8380e-01	-1.2935e+00	-1.4080e-01	9.9650e-01
1.5351e+09	7.6780e-01	6.2470e-01	8.0700e-02	9.8350e-01	-1.2935e+00	-1.4080e-01	9.9650e-01
1.5351e+09	7.6780e-01	6.2620e-01	8.1100e-02	9.8320e-01	-1.2935e+00	-1.4080e-01	9.9650e-01
1.5351e+09	7.6780e-01	6.2770e-01	8.1500e-02	9.8290e-01	-1.2935e+00	-1.4090e-01	9.9650e-01
1.5351e+09	7.6780e-01	6.2920e-01	8.1900e-02	9.8260e-01	-1.2935e+00	-1.4090e-01	9.9650e-01
1.5351e+09	7.6780e-01	6.3070e-01	8.2300e-02	9.8230e-01	-1.2935e+00	-1.4090e-01	9.9640e-01
1.5351e+09	7.6780e-01	6.3210e-01	8.2700e-02	9.8210e-01	-1.2936e+00	-1.4090e-01	9.9640e-01
1.5351e+09	7.6780e-01	6.3360e-01	8.3000e-02	9.8180e-01	-1.2936e+00	-1.4080e-01	9.9640e-01
1.5351e+09	7.6780e-01	6.3500e-01	8.3400e-02	9.8150e-01	-1.2936e+00	-1.4080e-01	9.9640e-01
1.5351e+09	7.6780e-01	6.3640e-01	8.3700e-02	9.8120e-01	-1.2936e+00	-1.4080e-01	9.9640e-01
1.5351e+09	7.6780e-01	6.3790e-01	8.4000e-02	9.8090e-01	-1.2936e+00	-1.4080e-01	9.9640e-01
1.5351e+09	7.6780e-01	6.3920e-01	8.4400e-02	9.8060e-01	-1.2936e+00	-1.4080e-01	9.9640e-01
1.5351e+09	7.6780e-01	6.4070e-01	8.4700e-02	9.8040e-01	-1.2935e+00	-1.4090e-01	9.9640e-01
1.5351e+09	7.6780e-01	6.4210e-01	8.5100e-02	9.8010e-01	-1.2935e+00	-1.4090e-01	9.9640e-01
1.5351e+09	7.6780e-01	6.4340e-01	8.5400e-02	9.7990e-01	-1.2935e+00	-1.4090e-01	9.9640e-01
1.5351e+09	7.6780e-01	6.4480e-01	8.5700e-02	9.7960e-01	-1.2935e+00	-1.4100e-01	9.9650e-01
1.5351e+09	7.6780e-01	6.4620e-01	8.6000e-02	9.7930e-01	-1.2935e+00	-1.4100e-01	9.9650e-01
1.5351e+09	7.6780e-01	6.4760e-01	8.6300e-02	9.7900e-01	-1.2935e+00	-1.4100e-01	9.9650e-01
1.5351e+09	7.6780e-01	6.4900e-01	8.6600e-02	9.7880e-01	-1.2934e+00	-1.4100e-01	9.9650e-01
1.5351e+09	7.6780e-01	6.5040e-01	8.6800e-02	9.7850e-01	-1.2934e+00	-1.4100e-01	9.9660e-01
1.5351e+09	7.6780e-01	6.5170e-01	8.7000e-02	9.7830e-01	-1.2934e+00	-1.4100e-01	9.9660e-01
1.5351e+09	7.6780e-01	6.5310e-01	8.7100e-02	9.7810e-01	-1.2934e+00	-1.4110e-01	9.9660e-01
1.5351e+09	7.6780e-01	6.5440e-01	8.7300e-02	9.7790e-01	-1.2933e+00	-1.4120e-01	9.9660e-01
1.5351e+09	7.6780e-01	6.5570e-01	8.7400e-02	9.7760e-01	-1.2932e+00	-1.4120e-01	9.9660e-01
1.5351e+09	7.6780e-01	6.5710e-01	8.7600e-02	9.7740e-01	-1.2932e+00	-1.4120e-01	9.9660e-01
1.5351e+09	7.6780e-01	6.5840e-01	8.7700e-02	9.7720e-01	-1.2931e+00	-1.4120e-01	9.9660e-01
1.5351e+09	7.6780e-01	6.5970e-01	8.7900e-02	9.7690e-01	-1.2931e+00	-1.4130e-01	9.9670e-01
1.5351e+09	7.6790e-01	6.6100e-01	8.8000e-02	9.7670e-01	-1.2930e+00	-1.4140e-01	9.9670e-01
1.5351e+09	7.6790e-01	6.6230e-01	8.8100e-02	9.7640e-01	-1.2929e+00	-1.4150e-01	9.9670e-01
1.5351e+09	7.6790e-01	6.6360e-01	8.8200e-02	9.7620e-01	-1.2928e+00	-1.4160e-01	9.9680e-01
1.5351e+09	7.6790e-01	6.6490e-01	8.8300e-02	9.7610e-01	-1.2927e+00	-1.4180e-01	9.9680e-01
1.5351e+09	7.6790e-01	6.6620e-01	8.8400e-02	9.7590e-01	-1.2926e+00	-1.4190e-01	9.9690e-01
1.5351e+09	7.6790e-01	6.6750e-01	8.8500e-02	9.7570e-01	-1.2924e+00	-1.4200e-01	9.9690e-01
1.5351e+09	7.6790e-01	6.6870e-01	8.8600e-02	9.7550e-01	-1.2923e+00	-1.4210e-01	9.9690e-01
1.5351e+09	7.6790e-01	6.6990e-01	8.8700e-02	9.7530e-01	-1.2922e+00	-1.4220e-01	9.9700e-01
1.5351e+09	7.6790e-01	6.7120e-01	8.8800e-02	9.7510e-01	-1.2921e+00	-1.4240e-01	9.9700e-01
1.5351e+09	7.6790e-01	6.7240e-01	8.8900e-02	9.7490e-01	-1.2920e+00	-1.4250e-01	9.9700e-01
1.5351e+09	7.6790e-01	6.7370e-01	8.9000e-02	9.7480e-01	-1.2918e+00	-1.4260e-01	9.9710e-01
1.5351e+09	7.6790e-01	6.7490e-01	8.9100e-02	9.7460e-01	-1.2916e+00	-1.4280e-01	9.9710e-01
1.5351e+09	7.6790e-01	6.7610e-01	8.9200e-02	9.7440e-01	-1.2914e+00	-1.4300e-01	9.9710e-01
1.5351e+09	7.6790e-01	6.7730e-01	8.9400e-02	9.7420e-01	-1.2912e+00	-1.4320e-01	9.9720e-01
1.5351e+09	7.6790e-01	6.7850e-01	8.9400e-02	9.7410e-01	-1.2910e+00	-1.4350e-01	9.9710e-01
1.5351e+09	7.6790e-01	6.7970e-01	8.9500e-02	9.7390e-01	-1.2907e+00	-1.4370e-01	9.9710e-01
1.5351e+09	7.6790e-01	6.8090e-01	8.9600e-02	9.7380e-01	-1.2905e+00	-1.4390e-01	9.9710e-01
1.5351e+09	7.6790e-01	6.8200e-01	8.9700e-02	9.7370e-01	-1.2903e+00	-1.4420e-01	9.9710e-01
1.5351e+09	7.6790e-01	6.8320e-01	8.9800e-02	9.7360e-01	-1.2900e+00	-1.4440e-01	9.9700e-01
1.5351e+09	7.6790e-01	6.8430e-01	8.9900e-02	9.7350e-01	-1.2897e+00	-1.4470e-01	9.9700e-01
1.5351e+09	7.6790e-01	6.8540e-01	9.0000e-02	9.7340e-01	-1.2895e+00	-1.4490e-01	9.9690e-01
1.5351e+09	7.6790e-01	6.8650e-01	9.0000e-02	9.7330e-01	-1.2892e+00	-1.4520e-01	9.9690e-01
1.5351e+09	7.6790e-01	6.8760e-01	9.0100e-02	9.7320e-01	-1.2889e+00	-1.4550e-01	9.9690e-01
1.5351e+09	7.6790e-01	6.8870e-01	9.0100e-02	9.7310e-01	-1.2885e+00	-1.4580e-01	9.9680e-01
1.5351e+09	7.6790e-01	6.8980e-01	9.0100e-02	9.7300e-01	-1.2883e+00	-1.4620e-01	9.9680e-01
1.5351e+09	7.6790e-01	6.9090e-01	9.0200e-02	9.7290e-01	-1.2880e+00	-1.4650e-01	9.9680e-01
1.5351e+09	7.6790e-01	6.9190e-01	9.0200e-02	9.7290e-01	-1.2877e+00	-1.4670e-01	9.9680e-01
1.5351e+09	7.6790e-01	6.9300e-01	9.0200e-02	9.7280e-01	-1.2873e+00	-1.4700e-01	9.9670e-01
1.5351e+09	7.6790e-01	6.9400e-01	9.0100e-02	9.7280e-01	-1.2870e+00	-1.4730e-01	9.9670e-01
1.5351e+09	7.6790e-01	6.9500e-01	9.0100e-02	9.7270e-01	-1.2867e+00	-1.4760e-01	9.9670e-01
1.5351e+09	7.6790e-01	6.9600e-01	9.0100e-02	9.7260e-01	-1.2865e+00	-1.4790e-01	9.9670e-01
1.5351e+09	7.6790e-01	6.9700e-01	9.0200e-02	9.7260e-01	-1.2864e+00	-1.4830e-01	9.9670e-01
1.5351e+09	7.6790e-01	6.9800e-01	9.0200e-02	9.7260e-01	-1.2862e+00	-1.4860e-01	9.9670e-01
1.5351e+09	7.6790e-01	6.9890e-01	9.0200e-02	9.7260e-01	-1.2860e+00	-1.4890e-01	9.9680e-01
1.5351e+09	7.6790e-01	6.9990e-01	9.0200e-02	9.7250e-01	-1.2859e+00	-1.4920e-01	9.9680e-01
1.5351e+09	7.6790e-01	7.0080e-01	9.0100e-02	9.7250e-01	-1.2858e+00	-1.4940e-01	9.9690e-01
1.5351e+09	7.6790e-01	7.0170e-01	9.0100e-02	9.7240e-01	-1.2857e+00	-1.4960e-01	9.9690e-01
1.5351e+09	7.6790e-01	7.0260e-01	9.0100e-02	9.7230e-01	-1.2856e+00	-1.4990e-01	9.9700e-01
1.5351e+09	7.6790e-01	7.0350e-01	9.0100e-02	9.7230e-01	-1.2856e+00	-1.5010e-01	9.9710e-01
1.5351e+09	7.6790e-01	7.0440e-01	9.0100e-02	9.7230e-01	-1.2855e+00	-1.5040e-01	9.9710e-01
1.5351e+09	7.6790e-01	7.0520e-01	9.0100e-02	9.7230e-01	-1.2855e+00	-1.5060e-01	9.9720e-01
1.5351e+09	7.6790e-01	7.0600e-01	9.0100e-02	9.7220e-01	-1.2855e+00	-1.5080e-01	9.9730e-01
1.5351e+09	7.6790e-01	7.0690e-01	9.0100e-02	9.7220e-01	-1.2854e+00	-1.5100e-01	9.9740e-01
1.5351e+09	7.6790e-01	7.0770e-01	9.0200e-02	9.7230e-01	-1.2853e+00	-1.5120e-01	9.9750e-01
1.5351e+09	7.6790e-01	7.0850e-01	9.0300e-02	9.7220e-01	-1.2853e+00	-1.5130e-01	9.9760e-01
1.5351e+09	7.6790e-01	7.0930e-01	9.0300e-02	9.7220e-01	-1.2853e+00	-1.5150e-01	9.9770e-01
1.5351e+09	7.6790e-01	7.1010e-01	9.0400e-02	9.7220e-01	-1.2852e+00	-1.5160e-01	9.9780e-01
1.5351e+09	7.6790e-01	7.1080e-01	9.0500e-02	9.7220e-01	-1.2852e+00	-1.5170e-01	9.9800e-01
1.5351e+09	7.6790e-01	7.1160e-01	9.0600e-02	9.7210e-01	-1.2851e+00	-1.5180e-01	9.9810e-01
1.5351e+09	7.6790e-01	7.1230e-01	9.0700e-02	9.7210e-01	-1.2851e+00	-1.5180e-01	9.9830e-01
1.5351e+09	7.6790e-01	7.1300e-01	9.0800e-02	9.7200e-01	-1.2851e+00	-1.5180e-01	9.9840e-01
1.5351e+09	7.6790e-01	7.1370e-01	9.0900e-02	9.7200e-01	-1.2850e+00	-1.5190e-01	9.9860e-01
1.5351e+09	7.6790e-01	7.1440e-01	9.1000e-02	9.7190e-01	-1.2850e+00	-1.5190e-01	9.9870e-01
1.5351e+09	7.6790e-01	7.1500e-01	9.1100e-02	9.7180e-01	-1.2849e+00	-1.5200e-01	9.9890e-01
1.5351e+09	7.6790e-01	7.1560e-01	9.1200e-02	9.7170e-01	-1.2849e+00	-1.5200e-01	9.9910e-01
1.5351e+09	7.6790e-01	7.1620e-01	9.1300e-02	9.7170e-01	-1.2848e+00	-1.5200e-01	9.9920e-01
1.5351e+09	7.6790e-01	7.1680e-01	9.1400e-02	9.7170e-01	-1.2848e+00	-1.5200e-01	9.9940e-01
1.5351e+09	7.6790e-01	7.1740e-01	9.1500e-02	9.7170e-01	-1.2848e+00	-1.5200e-01	9.9950e-01
1.5351e+09	7.6790e-01	7.1800e-01	9.1700e-02	9.7160e-01	-1.2848e+00	-1.5200e-01	9.9960e-01
1.5351e+09	7.6790e-01	7.1860e-01	9.1800e-02	9.7160e-01	-1.2847e+00	-1.5200e-01	9.9980e-01
1.5351e+09	7.6790e-01	7.1920e-01	9.2000e-02	9.7150e-01	-1.2847e+00	-1.5200e-01	9.9990e-01
1.5351e+09	7.6790e-01	7.1970e-01	9.2200e-02	9.7150e-01	-1.2847e+00	-1.5190e-01	1.0001e+00
1.5351e+09	7.6790e-01	7.2030e-01	9.2400e-02	9.7130e-01	-1.2846e+00	-1.5190e-01	1.0002e+00
1.5351e+09	7.6790e-01	7.2080e-01	9.2700e-02	9.7120e-01	-1.2845e+00	-1.5180e-01	1.0003e+00
1.5351e+09	7.6790e-01	7.2120e-01	9.2900e-02	9.7110e-01	-1.2843e+00	-1.5160e-01	1.0003e+00
1.5351e+09	7.6790e-01	7.2160e-01	9.3100e-02	9.7100e-01	-1.2841e+00	-1.5150e-01	1.0004e+00
1.5351e+09	7.6790e-01	7.2200e-01	9.3300e-02	9.7100e-01	-1.2838e+00	-1.5140e-01	1.0004e+00
1.5351e+09	7.6790e-01	7.2240e-01	9.3500e-02	9.7090e-01	-1.2836e+00	-1.5130e-01	1.0004e+00
1.5351e+09	7.6790e-01	7.2270e-01	9.3700e-02	9.7080e-01	-1.2834e+00	-1.5140e-01	1.0004e+00
1.5351e+09	7.6790e-01	7.2310e-01	9.3900e-02	9.7070e-01	-1.2832e+00	-1.5140e-01	1.0004e+00
1.5351e+09	7.6790e-01	7.2350e-01	9.4200e-02	9.7060e-01	-1.2831e+00	-1.5150e-01	1.0004e+00
1.5351e+09	7.6790e-01	7.2390e-01	9.4500e-02	9.7050e-01	-1.2829e+00	-1.5170e-01	1.0004e+00
1.5351e+09	7.6790e-01	7.2430e-01	9.4700e-02	9.7050e-01	-1.2828e+00	-1.5180e-01	1.0004e+00
1.5351e+09	7.6790e-01	7.2460e-01	9.5000e-02	9.7040e-01	-1.2827e+00	-1.5190e-01	1.0005e+00
1.5351e+09	7.6790e-01	7.2490e-01	9.5200e-02	9.7040e-01	-1.2827e+00	-1.5200e-01	1.0006e+00
1.5351e+09	7.6790e-01	7.2520e-01	9.5400e-02	9.7020e-01	-1.2828e+00	-1.5200e-01	1.0007e+00
1.5351e+09	7.6790e-01	7.2540e-01	9.5600e-02	9.7010e-01	-1.2829e+00	-1.5210e-01	1.0009e+00
1.5351e+09	7.6790e-01	7.2560e-01	9.5900e-02	9.6990e-01	-1.2829e+00	-1.5210e-01	1.0010e+00
1.5351e+09	7.6790e-01	7.2580e-01	9.6100e-02	9.6980e-01	-1.2828e+00	-1.5220e-01	1.0012e+00
1.5351e+09	7.6790e-01	7.2590e-01	9.6200e-02	9.6970e-01	-1.2828e+00	-1.5220e-01	1.0014e+00
1.5351e+09	7.6790e-01	7.2610e-01	9.6400e-02	9.6960e-01	-1.2827e+00	-1.5230e-01	1.0017e+00
1.5351e+09	7.6790e-01	7.2620e-01	9.6700e-02	9.6950e-01	-1.2826e+00	-1.5240e-01	1.0019e+00
1.5351e+09	7.6790e-01	7.2640e-01	9.6900e-02	9.6940e-01	-1.2825e+00	-1.5250e-01	1.0022e+00
1.5351e+09	7.6790e-01	7.2660e-01	9.7200e-02	9.6930e-01	-1.2823e+00	-1.5260e-01	1.0025e+00
1.5351e+09	7.6790e-01	7.2670e-01	9.7400e-02	9.6920e-01	-1.2821e+00	-1.5280e-01	1.0028e+00
1.5351e+09	7.6790e-01	7.2690e-01	9.7700e-02	9.6910e-01	-1.2819e+00	-1.5300e-01	1.0031e+00
1.5351e+09	7.6790e-01	7.2700e-01	9.7900e-02	9.6890e-01	-1.2818e+00	-1.5320e-01	1.0034e+00
1.5351e+09	7.6790e-01	7.2700e-01	9.8100e-02	9.6880e-01	-1.2816e+00	-1.5330e-01	1.0038e+00
1.5351e+09	7.6790e-01	7.2710e-01	9.8300e-02	9.6870e-01	-1.2815e+00	-1.5350e-01	1.0042e+00
1.5351e+09	7.6790e-01	7.2710e-01	9.8500e-02	9.6850e-01	-1.2812e+00	-1.5370e-01	1.0046e+00
1.5351e+09	7.6790e-01	7.2720e-01	9.8500e-02	9.6830e-01	-1.2810e+00	-1.5390e-01	1.0050e+00
1.5351e+09	7.6790e-01	7.2720e-01	9.8600e-02	9.6800e-01	-1.2806e+00	-1.5420e-01	1.0054e+00
1.5351e+09	7.6790e-01	7.2720e-01	9.8700e-02	9.6780e-01	-1.2803e+00	-1.5460e-01	1.0058e+00
1.5351e+09	7.6800e-01	7.2710e-01	9.8800e-02	9.6750e-01	-1.2799e+00	-1.5500e-01	1.0061e+00
1.5351e+09	7.6800e-01	7.2710e-01	9.8800e-02	9.6720e-01	-1.2795e+00	-1.5540e-01	1.0064e+00
1.5351e+09	7.6810e-01	7.2710e-01	9.8800e-02	9.6690e-01	-1.2789e+00	-1.5600e-01	1.0066e+00
1.5351e+09	7.6810e-01	7.2700e-01	9.8800e-02	9.6660e-01	-1.2784e+00	-1.5650e-01	1.0068e+00
1.5351e+09	7.6820e-01	7.2700e-01	9.8900e-02	9.6630e-01	-1.2779e+00	-1.5720e-01	1.0070e+00
1.5351e+09	7.6820e-01	7.2690e-01	9.8900e-02	9.6590e-01	-1.2772e+00	-1.5790e-01	1.0071e+00
1.5351e+09	7.6830e-01	7.2690e-01	9.8900e-02	9.6550e-01	-1.2765e+00	-1.5860e-01	1.0071e+00
1.5351e+09	7.6840e-01	7.2680e-01	9.8900e-02	9.6520e-01	-1.2758e+00	-1.5930e-01	1.0072e+00
1.5351e+09	7.6850e-01	7.2670e-01	9.8900e-02	9.6470e-01	-1.2752e+00	-1.6000e-01	1.0071e+00
1.5351e+09	7.6860e-01	7.2660e-01	9.8900e-02	9.6420e-01	-1.2745e+00	-1.6070e-01	1.0071e+00
1.5351e+09	7.6870e-01	7.2650e-01	9.8900e-02	9.6370e-01	-1.2738e+00	-1.6150e-01	1.0070e+00
1.5351e+09	7.6880e-01	7.2640e-01	9.9000e-02	9.6310e-01	-1.2731e+00	-1.6230e-01	1.0069e+00
1.5351e+09	7.6890e-01	7.2630e-01	9.9000e-02	9.6250e-01	-1.2724e+00	-1.6300e-01	1.0068e+00
1.5351e+09	7.6900e-01	7.2620e-01	9.9000e-02	9.6190e-01	-1.2718e+00	-1.6380e-01	1.0067e+00
1.5351e+09	7.6900e-01	7.2610e-01	9.8900e-02	9.6120e-01	-1.2711e+00	-1.6460e-01	1.0066e+00
1.5351e+09	7.6910e-01	7.2590e-01	9.8800e-02	9.6050e-01	-1.2705e+00	-1.6540e-01	1.0065e+00
1.5351e+09	7.6920e-01	7.2580e-01	9.8800e-02	9.5980e-01	-1.2698e+00	-1.6620e-01	1.0064e+00
1.5351e+09	7.6920e-01	7.2560e-01	9.8800e-02	9.5910e-01	-1.2692e+00	-1.6700e-01	1.0063e+00
1.5351e+09	7.6930e-01	7.2550e-01	9.8800e-02	9.5830e-01	-1.2686e+00	-1.6790e-01	1.0061e+00
1.5351e+09	7.6940e-01	7.2530e-01	9.8700e-02	9.5760e-01	-1.2679e+00	-1.6880e-01	1.0059e+00
1.5351e+09	7.6940e-01	7.2510e-01	9.8700e-02	9.5680e-01	-1.2673e+00	-1.6970e-01	1.0057e+00
1.5351e+09	7.6950e-01	7.2490e-01	9.8700e-02	9.5600e-01	-1.2666e+00	-1.7070e-01	1.0055e+00
1.5351e+09	7.6960e-01	7.2470e-01	9.8700e-02	9.5520e-01	-1.2659e+00	-1.7160e-01	1.0053e+00
1.5351e+09	7.6960e-01	7.2450e-01	9.8800e-02	9.5430e-01	-1.2653e+00	-1.7260e-01	1.0051e+00
1.5351e+09	7.6970e-01	7.2430e-01	9.8800e-02	9.5340e-01	-1.2647e+00	-1.7350e-01	1.0050e+00
1.5351e+09	7.6980e-01	7.2410e-01	9.8800e-02	9.5250e-01	-1.2641e+00	-1.7440e-01	1.0048e+00
1.5351e+09	7.6980e-01	7.2390e-01	9.8800e-02	9.5160e-01	-1.2635e+00	-1.7530e-01	1.0046e+00
1.5351e+09	7.6990e-01	7.2370e-01	9.8800e-02	9.5060e-01	-1.2630e+00	-1.7620e-01	1.0045e+00
1.5351e+09	7.6990e-01	7.2340e-01	9.8800e-02	9.4960e-01	-1.2625e+00	-1.7710e-01	1.0044e+00
1.5351e+09	7.7000e-01	7.2320e-01	9.8900e-02	9.4860e-01	-1.2620e+00	-1.7800e-01	1.0043e+00
1.5351e+09	7.7010e-01	7.2290e-01	9.8900e-02	9.4750e-01	-1.2616e+00	-1.7900e-01	1.0043e+00
