2.8043e+02	1.7762e+00	3.0620e-01	-8.2640e-01	1.4501e+00	-7.8790e-01	-4.4770e-01	-1.4085e+00
2.8043e+02	1.7758e+00	3.1080e-01	-8.2800e-01	1.4503e+00	-7.8650e-01	-4.4840e-01	-1.4084e+00
2.8043e+02	1.7753e+00	3.1540e-01	-8.2940e-01	1.4506e+00	-7.8530e-01	-4.4900e-01	-1.4083e+00
2.8043e+02	1.7747e+00	3.2010e-01	-8.3100e-01	1.4508e+00	-7.8400e-01	-4.4980e-01	-1.4083e+00
2.8044e+02	1.7742e+00	3.2480e-01	-8.3260e-01	1.4511e+00	-7.8280e-01	-4.5060e-01	-1.4082e+00
2.8044e+02	1.7736e+00	3.2960e-01	-8.3400e-01	1.4513e+00	-7.8150e-01	-4.5140e-01	-1.4081e+00
2.8044e+02	1.7730e+00	3.3450e-01	-8.3550e-01	1.4515e+00	-7.8020e-01	-4.5230e-01	-1.4080e+00
2.8044e+02	1.7723e+00	3.3930e-01	-8.3690e-01	1.4517e+00	-7.7910e-01	-4.5310e-01	-1.4079e+00
2.8044e+02	1.7716e+00	3.4410e-01	-8.3810e-01	1.4520e+00	-7.7810e-01	-4.5380e-01	-1.4078e+00
2.8045e+02	1.7709e+00	3.4910e-01	-8.3970e-01	1.4523e+00	-7.7730e-01	-4.5440e-01	-1.4077e+00
2.8045e+02	1.7701e+00	3.5410e-01	-8.4120e-01	1.4525e+00	-7.7660e-01	-4.5490e-01	-1.4077e+00
2.8045e+02	1.7693e+00	3.5910e-01	-8.4240e-01	1.4528e+00	-7.7610e-01	-4.5520e-01	-1.4076e+00
2.8045e+02	1.7685e+00	3.6410e-01	-8.4370e-01	1.4530e+00	-7.7580e-01	-4.5540e-01	-1.4076e+00
2.8045e+02	1.7676e+00	3.6900e-01	-8.4500e-01	1.4533e+00	-7.7550e-01	-4.5570e-01	-1.4075e+00
2.8046e+02	1.7667e+00	3.7400e-01	-8.4600e-01	1.4535e+00	-7.7530e-01	-4.5590e-01	-1.4075e+00
2.8046e+02	1.7657e+00	3.7910e-01	-8.4720e-01	1.4538e+00	-7.7490e-01	-4.5620e-01	-1.4073e+00
2.8046e+02	1.7647e+00	3.8420e-01	-8.4830e-01	1.4539e+00	-7.7460e-01	-4.5650e-01	-1.4070e+00
2.8046e+02	1.7637e+00	3.8930e-01	-8.4910e-01	1.4540e+00	-7.7430e-01	-4.5680e-01	-1.4065e+00
2.8046e+02	1.7626e+00	3.9460e-01	-8.5020e-01	1.4542e+00	-7.7410e-01	-4.5710e-01	-1.4060e+00
2.8047e+02	1.7615e+00	3.9970e-01	-8.5100e-01	1.4543e+00	-7.7380e-01	-4.5740e-01	-1.4054e+00
2.8047e+02	1.7604e+00	4.0490e-01	-8.5160e-01	1.4545e+00	-7.7360e-01	-4.5750e-01	-1.4048e+00
2.8047e+02	1.7592e+00	4.1010e-01	-8.5250e-01	1.4547e+00	-7.7360e-01	-4.5760e-01	-1.4042e+00
2.8047e+02	1.7579e+00	4.1530e-01	-8.5330e-01	1.4549e+00	-7.7360e-01	-4.5760e-01	-1.4035e+00
2.8047e+02	1.7567e+00	4.2060e-01	-8.5390e-01	1.4551e+00	-7.7370e-01	-4.5750e-01	-1.4029e+00
2.8048e+02	1.7554e+00	4.2600e-01	-8.5460e-01	1.4552e+00	-7.7380e-01	-4.5740e-01	-1.4022e+00
2.8048e+02	1.7540e+00	4.3120e-01	-8.5530e-01	1.4553e+00	-7.7390e-01	-4.5730e-01	-1.4015e+00
2.8048e+02	1.7526e+00	4.3650e-01	-8.5570e-01	1.4555e+00	-7.7400e-01	-4.5720e-01	-1.4009e+00
2.8048e+02	1.7512e+00	4.4190e-01	-8.5620e-01	1.4557e+00	-7.7410e-01	-4.5710e-01	-1.4001e+00
2.8048e+02	1.7497e+00	4.4730e-01	-8.5660e-01	1.4559e+00	-7.7400e-01	-4.5710e-01	-1.3994e+00
2.8049e+02	1.7482e+00	4.5280e-01	-8.5680e-01	1.4562e+00	-7.7400e-01	-4.5700e-01	-1.3986e+00
2.8049e+02	1.7466e+00	4.5820e-01	-8.5720e-01	1.4563e+00	-7.7390e-01	-4.5690e-01	-1.3978e+00
2.8049e+02	1.7450e+00	4.6370e-01	-8.5740e-01	1.4566e+00	-7.7400e-01	-4.5690e-01	-1.3969e+00
2.8049e+02	1.7434e+00	4.6920e-01	-8.5740e-01	1.4568e+00	-7.7400e-01	-4.5700e-01	-1.3960e+00
2.8049e+02	1.7417e+00	4.7470e-01	-8.5750e-01	1.4571e+00	-7.7400e-01	-4.5700e-01	-1.3951e+00
2.8050e+02	1.7401e+00	4.8010e-01	-8.5750e-01	1.4574e+00	-7.7400e-01	-4.5690e-01	-1.3941e+00
2.8050e+02	1.7384e+00	4.8570e-01	-8.5720e-01	1.4577e+00	-7.7400e-01	-4.5690e-01	-1.3931e+00
2.8050e+02	1.7367e+00	4.9130e-01	-8.5700e-01	1.4580e+00	-7.7400e-01	-4.5690e-01	-1.3921e+00
2.8050e+02	1.7349e+00	4.9680e-01	-8.5680e-01	1.4583e+00	-7.7400e-01	-4.5690e-01	-1.3911e+00
2.8050e+02	1.7331e+00	5.0240e-01	-8.5630e-01	1.4586e+00	-7.7400e-01	-4.5690e-01	-1.3900e+00
2.8051e+02	1.7312e+00	5.0810e-01	-8.5580e-01	1.4589e+00	-7.7400e-01	-4.5700e-01	-1.3889e+00
2.8051e+02	1.7294e+00	5.1380e-01	-8.5520e-01	1.4592e+00	-7.7400e-01	-4.5710e-01	-1.3877e+00
2.8051e+02	1.7276e+00	5.1950e-01	-8.5440e-01	1.4596e+00	-7.7400e-01	-4.5720e-01	-1.3865e+00
2.8051e+02	1.7257e+00	5.2520e-01	-8.5400e-01	1.4599e+00	-7.7400e-01	-4.5720e-01	-1.3852e+00
2.8051e+02	1.7238e+00	5.3090e-01	-8.5350e-01	1.4602e+00	-7.7390e-01	-4.5730e-01	-1.3839e+00
2.8052e+02	1.7220e+00	5.3670e-01	-8.5270e-01	1.4605e+00	-7.7390e-01	-4.5730e-01	-1.3826e+00
2.8052e+02	1.7202e+00	5.4260e-01	-8.5210e-01	1.4609e+00	-7.7390e-01	-4.5740e-01	-1.3812e+00
2.8052e+02	1.7182e+00	5.4840e-01	-8.5130e-01	1.4612e+00	-7.7390e-01	-4.5740e-01	-1.3797e+00
2.8052e+02	1.7161e+00	5.5430e-01	-8.5030e-01	1.4615e+00	-7.7390e-01	-4.5750e-01	-1.3782e+00
2.8052e+02	1.7141e+00	5.6030e-01	-8.4950e-01	1.4618e+00	-7.7400e-01	-4.5760e-01	-1.3766e+00
2.8053e+02	1.7121e+00	5.6620e-01	-8.4880e-01	1.4621e+00	-7.7400e-01	-4.5780e-01	-1.3751e+00
2.8053e+02	1.7102e+00	5.7220e-01	-8.4770e-01	1.4624e+00	-7.7410e-01	-4.5790e-01	-1.3736e+00
2.8053e+02	1.7081e+00	5.7830e-01	-8.4660e-01	1.4627e+00	-7.7410e-01	-4.5810e-01	-1.3721e+00
2.8053e+02	1.7061e+00	5.8430e-01	-8.4540e-01	1.4629e+00	-7.7410e-01	-4.5820e-01	-1.3708e+00
2.8053e+02	1.7041e+00	5.9030e-01	-8.4400e-01	1.4632e+00	-7.7410e-01	-4.5840e-01	-1.3695e+00
2.8054e+02	1.7021e+00	5.9640e-01	-8.4290e-01	1.4635e+00	-7.7400e-01	-4.5860e-01	-1.3683e+00
2.8054e+02	1.7000e+00	6.0240e-01	-8.4160e-01	1.4637e+00	-7.7400e-01	-4.5870e-01	-1.3671e+00
2.8054e+02	1.6978e+00	6.0860e-01	-8.4000e-01	1.4639e+00	-7.7400e-01	-4.5890e-01	-1.3661e+00
2.8054e+02	1.6956e+00	6.1480e-01	-8.3860e-01	1.4641e+00	-7.7400e-01	-4.5910e-01	-1.3652e+00
2.8054e+02	1.6936e+00	6.2090e-01	-8.3710e-01	1.4643e+00	-7.7400e-01	-4.5930e-01	-1.3644e+00
2.8055e+02	1.6915e+00	6.2700e-01	-8.3540e-01	1.4645e+00	-7.7390e-01	-4.5960e-01	-1.3638e+00
2.8055e+02	1.6893e+00	6.3320e-01	-8.3380e-01	1.4646e+00	-7.7380e-01	-4.5990e-01	-1.3632e+00
2.8055e+02	1.6872e+00	6.3930e-01	-8.3230e-01	1.4647e+00	-7.7380e-01	-4.6030e-01	-1.3626e+00
2.8055e+02	1.6850e+00	6.4550e-01	-8.3050e-01	1.4647e+00	-7.7360e-01	-4.6060e-01	-1.3622e+00
2.8055e+02	1.6828e+00	6.5180e-01	-8.2870e-01	1.4648e+00	-7.7340e-01	-4.6100e-01	-1.3618e+00
2.8056e+02	1.6807e+00	6.5800e-01	-8.2680e-01	1.4647e+00	-7.7310e-01	-4.6140e-01	-1.3614e+00
2.8056e+02	1.6785e+00	6.6430e-01	-8.2480e-01	1.4647e+00	-7.7260e-01	-4.6190e-01	-1.3611e+00
2.8056e+02	1.6762e+00	6.7060e-01	-8.2310e-01	1.4647e+00	-7.7210e-01	-4.6240e-01	-1.3607e+00
2.8056e+02	1.6740e+00	6.7690e-01	-8.2120e-01	1.4647e+00	-7.7160e-01	-4.6310e-01	-1.3604e+00
2.8056e+02	1.6718e+00	6.8330e-01	-8.1900e-01	1.4646e+00	-7.7100e-01	-4.6390e-01	-1.3600e+00
2.8057e+02	1.6696e+00	6.8970e-01	-8.1700e-01	1.4646e+00	-7.7030e-01	-4.6470e-01	-1.3595e+00
2.8057e+02	1.6673e+00	6.9600e-01	-8.1500e-01	1.4645e+00	-7.6960e-01	-4.6560e-01	-1.3591e+00
2.8057e+02	1.6651e+00	7.0240e-01	-8.1270e-01	1.4643e+00	-7.6870e-01	-4.6650e-01	-1.3585e+00
2.8057e+02	1.6629e+00	7.0890e-01	-8.1060e-01	1.4642e+00	-7.6780e-01	-4.6750e-01	-1.3580e+00
2.8057e+02	1.6607e+00	7.1520e-01	-8.0840e-01	1.4640e+00	-7.6680e-01	-4.6850e-01	-1.3576e+00
2.8058e+02	1.6585e+00	7.2150e-01	-8.0590e-01	1.4638e+00	-7.6590e-01	-4.6960e-01	-1.3571e+00
2.8058e+02	1.6564e+00	7.2800e-01	-8.0350e-01	1.4636e+00	-7.6500e-01	-4.7070e-01	-1.3567e+00
2.8058e+02	1.6543e+00	7.3440e-01	-8.0120e-01	1.4633e+00	-7.6410e-01	-4.7200e-01	-1.3562e+00
2.8058e+02	1.6520e+00	7.4090e-01	-7.9850e-01	1.4629e+00	-7.6310e-01	-4.7330e-01	-1.3558e+00
2.8058e+02	1.6499e+00	7.4720e-01	-7.9610e-01	1.4625e+00	-7.6210e-01	-4.7490e-01	-1.3554e+00
2.8059e+02	1.6479e+00	7.5350e-01	-7.9360e-01	1.4621e+00	-7.6090e-01	-4.7660e-01	-1.3549e+00
2.8059e+02	1.6458e+00	7.5990e-01	-7.9070e-01	1.4615e+00	-7.5940e-01	-4.7850e-01	-1.3544e+00
2.8059e+02	1.6437e+00	7.6630e-01	-7.8820e-01	1.4610e+00	-7.5780e-01	-4.8060e-01	-1.3538e+00
2.8059e+02	1.6417e+00	7.7260e-01	-7.8570e-01	1.4603e+00	-7.5600e-01	-4.8270e-01	-1.3532e+00
2.8059e+02	1.6397e+00	7.7900e-01	-7.8290e-01	1.4596e+00	-7.5410e-01	-4.8490e-01	-1.3526e+00
2.8060e+02	1.6376e+00	7.8540e-01	-7.8020e-01	1.4589e+00	-7.5230e-01	-4.8690e-01	-1.3519e+00
2.8060e+02	1.6356e+00	7.9170e-01	-7.7760e-01	1.4582e+00	-7.5050e-01	-4.8890e-01	-1.3512e+00
2.8060e+02	1.6336e+00	7.9810e-01	-7.7480e-01	1.4574e+00	-7.4860e-01	-4.9100e-01	-1.3505e+00
2.8060e+02	1.6316e+00	8.0450e-01	-7.7210e-01	1.4566e+00	-7.4660e-01	-4.9300e-01	-1.3497e+00
2.8060e+02	1.6297e+00	8.1090e-01	-7.6950e-01	1.4557e+00	-7.4460e-01	-4.9520e-01	-1.3489e+00
2.8061e+02	1.6278e+00	8.1730e-01	-7.6690e-01	1.4548e+00	-7.4250e-01	-4.9740e-01	-1.3481e+00
2.8061e+02	1.6259e+00	8.2360e-01	-7.6460e-01	1.4537e+00	-7.4040e-01	-4.9960e-01	-1.3472e+00
2.8061e+02	1.6241e+00	8.2980e-01	-7.6210e-01	1.4527e+00	-7.3820e-01	-5.0190e-01	-1.3463e+00
2.8061e+02	1.6222e+00	8.3610e-01	-7.5930e-01	1.4516e+00	-7.3590e-01	-5.0440e-01	-1.3454e+00
2.8061e+02	1.6204e+00	8.4240e-01	-7.5690e-01	1.4505e+00	-7.3360e-01	-5.0680e-01	-1.3444e+00
2.8062e+02	1.6188e+00	8.4850e-01	-7.5450e-01	1.4493e+00	-7.3120e-01	-5.0940e-01	-1.3434e+00
2.8062e+02	1.6171e+00	8.5470e-01	-7.5200e-01	1.4480e+00	-7.2870e-01	-5.1190e-01	-1.3424e+00
2.8062e+02	1.6154e+00	8.6080e-01	-7.4970e-01	1.4467e+00	-7.2620e-01	-5.1440e-01	-1.3413e+00
2.8062e+02	1.6139e+00	8.6680e-01	-7.4740e-01	1.4454e+00	-7.2360e-01	-5.1690e-01	-1.3402e+00
2.8062e+02	1.6124e+00	8.7280e-01	-7.4480e-01	1.4440e+00	-7.2100e-01	-5.1950e-01	-1.3390e+00
2.8063e+02	1.6109e+00	8.7880e-01	-7.4260e-01	1.4426e+00	-7.1840e-01	-5.2210e-01	-1.3378e+00
2.8063e+02	1.6095e+00	8.8460e-01	-7.4040e-01	1.4412e+00	-7.1570e-01	-5.2470e-01	-1.3365e+00
2.8063e+02	1.6082e+00	8.9040e-01	-7.3800e-01	1.4397e+00	-7.1300e-01	-5.2750e-01	-1.3353e+00
2.8063e+02	1.6069e+00	8.9620e-01	-7.3600e-01	1.4382e+00	-7.1030e-01	-5.3020e-01	-1.3340e+00
2.8063e+02	1.6057e+00	9.0180e-01	-7.3390e-01	1.4367e+00	-7.0760e-01	-5.3290e-01	-1.3326e+00
2.8064e+02	1.6046e+00	9.0740e-01	-7.3160e-01	1.4351e+00	-7.0480e-01	-5.3570e-01	-1.3313e+00
2.8064e+02	1.6035e+00	9.1300e-01	-7.2970e-01	1.4335e+00	-7.0190e-01	-5.3850e-01	-1.3301e+00
2.8064e+02	1.6025e+00	9.1830e-01	-7.2780e-01	1.4319e+00	-6.9900e-01	-5.4140e-01	-1.3288e+00
2.8064e+02	1.6015e+00	9.2370e-01	-7.2580e-01	1.4302e+00	-6.9600e-01	-5.4440e-01	-1.3276e+00
2.8064e+02	1.6006e+00	9.2910e-01	-7.2390e-01	1.4285e+00	-6.9300e-01	-5.4750e-01	-1.3265e+00
2.8065e+02	1.5997e+00	9.3440e-01	-7.2210e-01	1.4267e+00	-6.8980e-01	-5.5060e-01	-1.3254e+00
2.8065e+02	1.5989e+00	9.3960e-01	-7.2020e-01	1.4249e+00	-6.8660e-01	-5.5370e-01	-1.3245e+00
2.8065e+02	1.5981e+00	9.4470e-01	-7.1860e-01	1.4231e+00	-6.8350e-01	-5.5680e-01	-1.3236e+00
2.8065e+02	1.5973e+00	9.4970e-01	-7.1690e-01	1.4212e+00	-6.8040e-01	-5.5990e-01	-1.3229e+00
2.8065e+02	1.5966e+00	9.5470e-01	-7.1520e-01	1.4194e+00	-6.7720e-01	-5.6310e-01	-1.3223e+00
2.8066e+02	1.5959e+00	9.5970e-01	-7.1380e-01	1.4175e+00	-6.7390e-01	-5.6630e-01	-1.3217e+00
2.8066e+02	1.5953e+00	9.6450e-01	-7.1240e-01	1.4156e+00	-6.7080e-01	-5.6950e-01	-1.3212e+00
2.8066e+02	1.5947e+00	9.6940e-01	-7.1080e-01	1.4137e+00	-6.6750e-01	-5.7280e-01	-1.3208e+00
2.8066e+02	1.5941e+00	9.7410e-01	-7.0930e-01	1.4117e+00	-6.6430e-01	-5.7600e-01	-1.3205e+00
2.8066e+02	1.5936e+00	9.7860e-01	-7.0790e-01	1.4097e+00	-6.6100e-01	-5.7930e-01	-1.3203e+00
2.8067e+02	1.5931e+00	9.8320e-01	-7.0640e-01	1.4077e+00	-6.5770e-01	-5.8270e-01	-1.3202e+00
2.8067e+02	1.5927e+00	9.8770e-01	-7.0510e-01	1.4056e+00	-6.5440e-01	-5.8600e-01	-1.3202e+00
2.8067e+02	1.5923e+00	9.9210e-01	-7.0380e-01	1.4036e+00	-6.5120e-01	-5.8930e-01	-1.3202e+00
2.8067e+02	1.5919e+00	9.9630e-01	-7.0250e-01	1.4014e+00	-6.4780e-01	-5.9280e-01	-1.3203e+00
2.8067e+02	1.5916e+00	1.0005e+00	-7.0150e-01	1.3993e+00	-6.4460e-01	-5.9610e-01	-1.3205e+00
2.8068e+02	1.5914e+00	1.0045e+00	-7.0030e-01	1.3972e+00	-6.4130e-01	-5.9950e-01	-1.3206e+00
2.8068e+02	1.5912e+00	1.0085e+00	-6.9900e-01	1.3949e+00	-6.3790e-01	-6.0290e-01	-1.3208e+00
2.8068e+02	1.5911e+00	1.0123e+00	-6.9800e-01	1.3927e+00	-6.3460e-01	-6.0640e-01	-1.3209e+00
2.8068e+02	1.5910e+00	1.0161e+00	-6.9700e-01	1.3905e+00	-6.3130e-01	-6.0990e-01	-1.3210e+00
2.8068e+02	1.5909e+00	1.0198e+00	-6.9590e-01	1.3882e+00	-6.2790e-01	-6.1350e-01	-1.3211e+00
2.8069e+02	1.5908e+00	1.0235e+00	-6.9490e-01	1.3859e+00	-6.2460e-01	-6.1720e-01	-1.3212e+00
2.8069e+02	1.5908e+00	1.0269e+00	-6.9410e-01	1.3836e+00	-6.2110e-01	-6.2090e-01	-1.3214e+00
2.8069e+02	1.5909e+00	1.0304e+00	-6.9310e-01	1.3812e+00	-6.1770e-01	-6.2460e-01	-1.3215e+00
2.8069e+02	1.5909e+00	1.0337e+00	-6.9220e-01	1.3789e+00	-6.1420e-01	-6.2840e-01	-1.3217e+00
2.8069e+02	1.5909e+00	1.0370e+00	-6.9140e-01	1.3765e+00	-6.1080e-01	-6.3210e-01	-1.3220e+00
2.8070e+02	1.5910e+00	1.0402e+00	-6.9050e-01	1.3741e+00	-6.0720e-01	-6.3580e-01	-1.3222e+00
2.8070e+02	1.5910e+00	1.0433e+00	-6.8990e-01	1.3718e+00	-6.0360e-01	-6.3960e-01	-1.3226e+00
2.8070e+02	1.5910e+00	1.0463e+00	-6.8920e-01	1.3694e+00	-6.0000e-01	-6.4330e-01	-1.3230e+00
2.8070e+02	1.5911e+00	1.0492e+00	-6.8850e-01	1.3668e+00	-5.9630e-01	-6.4710e-01	-1.3235e+00
2.8070e+02	1.5911e+00	1.0521e+00	-6.8780e-01	1.3643e+00	-5.9270e-01	-6.5090e-01	-1.3242e+00
2.8071e+02	1.5912e+00	1.0548e+00	-6.8730e-01	1.3618e+00	-5.8910e-01	-6.5470e-01	-1.3250e+00
2.8071e+02	1.5913e+00	1.0574e+00	-6.8660e-01	1.3591e+00	-5.8560e-01	-6.5840e-01	-1.3259e+00
2.8071e+02	1.5914e+00	1.0601e+00	-6.8600e-01	1.3565e+00	-5.8220e-01	-6.6220e-01	-1.3269e+00
2.8071e+02	1.5916e+00	1.0626e+00	-6.8550e-01	1.3538e+00	-5.7900e-01	-6.6590e-01	-1.3280e+00
2.8071e+02	1.5918e+00	1.0650e+00	-6.8490e-01	1.3510e+00	-5.7580e-01	-6.6960e-01	-1.3291e+00
2.8072e+02	1.5920e+00	1.0674e+00	-6.8430e-01	1.3483e+00	-5.7280e-01	-6.7330e-01	-1.3304e+00
2.8072e+02	1.5923e+00	1.0698e+00	-6.8370e-01	1.3455e+00	-5.7010e-01	-6.7690e-01	-1.3316e+00
2.8072e+02	1.5925e+00	1.0720e+00	-6.8310e-01	1.3426e+00	-5.6740e-01	-6.8050e-01	-1.3329e+00
2.8072e+02	1.5929e+00	1.0742e+00	-6.8270e-01	1.3399e+00	-5.6500e-01	-6.8410e-01	-1.3342e+00
2.8072e+02	1.5932e+00	1.0763e+00	-6.8220e-01	1.3371e+00	-5.6270e-01	-6.8750e-01	-1.3355e+00
2.8073e+02	1.5935e+00	1.0783e+00	-6.8160e-01	1.3341e+00	-5.6040e-01	-6.9110e-01	-1.3367e+00
2.8073e+02	1.5939e+00	1.0802e+00	-6.8110e-01	1.3311e+00	-5.5840e-01	-6.9450e-01	-1.3379e+00
2.8073e+02	1.5942e+00	1.0820e+00	-6.8070e-01	1.3282e+00	-5.5670e-01	-6.9800e-01	-1.3390e+00
2.8073e+02	1.5946e+00	1.0838e+00	-6.8030e-01	1.3251e+00	-5.5510e-01	-7.0140e-01	-1.3401e+00
2.8073e+02	1.5951e+00	1.0855e+00	-6.8000e-01	1.3221e+00	-5.5370e-01	-7.0470e-01	-1.3411e+00
2.8074e+02	1.5955e+00	1.0871e+00	-6.7980e-01	1.3191e+00	-5.5230e-01	-7.0790e-01	-1.3420e+00
2.8074e+02	1.5959e+00	1.0886e+00	-6.7950e-01	1.3159e+00	-5.5090e-01	-7.1100e-01	-1.3429e+00
2.8074e+02	1.5963e+00	1.0901e+00	-6.7920e-01	1.3128e+00	-5.4960e-01	-7.1390e-01	-1.3438e+00
2.8074e+02	1.5967e+00	1.0915e+00	-6.7910e-01	1.3097e+00	-5.4850e-01	-7.1660e-01	-1.3447e+00
2.8074e+02	1.5971e+00	1.0929e+00	-6.7890e-01	1.3064e+00	-5.4740e-01	-7.1910e-01	-1.3456e+00
2.8075e+02	1.5976e+00	1.0941e+00	-6.7890e-01	1.3032e+00	-5.4650e-01	-7.2140e-01	-1.3464e+00
2.8075e+02	1.5980e+00	1.0953e+00	-6.7890e-01	1.3000e+00	-5.4550e-01	-7.2360e-01	-1.3473e+00
2.8075e+02	1.5985e+00	1.0964e+00	-6.7880e-01	1.2967e+00	-5.4460e-01	-7.2560e-01	-1.3482e+00
2.8075e+02	1.5989e+00	1.0975e+00	-6.7890e-01	1.2935e+00	-5.4380e-01	-7.2730e-01	-1.3492e+00
2.8075e+02	1.5994e+00	1.0984e+00	-6.7890e-01	1.2903e+00	-5.4320e-01	-7.2890e-01	-1.3501e+00
2.8076e+02	1.5999e+00	1.0994e+00	-6.7890e-01	1.2870e+00	-5.4280e-01	-7.3020e-01	-1.3512e+00
2.8076e+02	1.6005e+00	1.1002e+00	-6.7900e-01	1.2837e+00	-5.4250e-01	-7.3140e-01	-1.3522e+00
2.8076e+02	1.6011e+00	1.1009e+00	-6.7910e-01	1.2805e+00	-5.4250e-01	-7.3250e-01	-1.3533e+00
2.8076e+02	1.6016e+00	1.1016e+00	-6.7920e-01	1.2771e+00	-5.4260e-01	-7.3330e-01	-1.3544e+00
2.8076e+02	1.6023e+00	1.1023e+00	-6.7930e-01	1.2737e+00	-5.4290e-01	-7.3410e-01	-1.3554e+00
2.8077e+02	1.6029e+00	1.1028e+00	-6.7950e-01	1.2703e+00	-5.4340e-01	-7.3460e-01	-1.3564e+00
2.8077e+02	1.6036e+00	1.1033e+00	-6.7960e-01	1.2669e+00	-5.4400e-01	-7.3510e-01	-1.3574e+00
2.8077e+02	1.6043e+00	1.1038e+00	-6.7970e-01	1.2635e+00	-5.4480e-01	-7.3550e-01	-1.3584e+00
2.8077e+02	1.6050e+00	1.1041e+00	-6.8000e-01	1.2601e+00	-5.4560e-01	-7.3590e-01	-1.3593e+00
2.8077e+02	1.6057e+00	1.1045e+00	-6.8020e-01	1.2567e+00	-5.4640e-01	-7.3620e-01	-1.3602e+00
2.8078e+02	1.6065e+00	1.1047e+00	-6.8040e-01	1.2533e+00	-5.4740e-01	-7.3640e-01	-1.3611e+00
2.8078e+02	1.6073e+00	1.1049e+00	-6.8070e-01	1.2498e+00	-5.4850e-01	-7.3670e-01	-1.3621e+00
2.8078e+02	1.6080e+00	1.1050e+00	-6.8090e-01	1.2464e+00	-5.4970e-01	-7.3700e-01	-1.3630e+00
2.8078e+02	1.6088e+00	1.1051e+00	-6.8120e-01	1.2430e+00	-5.5090e-01	-7.3710e-01	-1.3641e+00
2.8078e+02	1.6096e+00	1.1052e+00	-6.8140e-01	1.2397e+00	-5.5210e-01	-7.3720e-01	-1.3652e+00
2.8079e+02	1.6104e+00	1.1052e+00	-6.8160e-01	1.2362e+00	-5.5340e-01	-7.3720e-01	-1.3665e+00
2.8079e+02	1.6112e+00	1.1051e+00	-6.8180e-01	1.2329e+00	-5.5470e-01	-7.3710e-01	-1.3679e+00
2.8079e+02	1.6119e+00	1.1051e+00	-6.8200e-01	1.2295e+00	-5.5600e-01	-7.3690e-01	-1.3695e+00
2.8079e+02	1.6127e+00	1.1049e+00	-6.8210e-01	1.2261e+00	-5.5740e-01	-7.3680e-01	-1.3713e+00
2.8079e+02	1.6135e+00	1.1048e+00	-6.8230e-01	1.2227e+00	-5.5880e-01	-7.3660e-01	-1.3732e+00
2.8080e+02	1.6143e+00	1.1046e+00	-6.8250e-01	1.2193e+00	-5.6010e-01	-7.3640e-01	-1.3751e+00
2.8080e+02	1.6151e+00	1.1044e+00	-6.8270e-01	1.2159e+00	-5.6150e-01	-7.3620e-01	-1.3772e+00
2.8080e+02	1.6159e+00	1.1041e+00	-6.8290e-01	1.2124e+00	-5.6280e-01	-7.3600e-01	-1.3793e+00
2.8080e+02	1.6166e+00	1.1038e+00	-6.8310e-01	1.2090e+00	-5.6410e-01	-7.3580e-01	-1.3815e+00
2.8080e+02	1.6174e+00	1.1034e+00	-6.8340e-01	1.2055e+00	-5.6540e-01	-7.3560e-01	-1.3837e+00
2.8081e+02	1.6183e+00	1.1030e+00	-6.8360e-01	1.2019e+00	-5.6680e-01	-7.3540e-01	-1.3859e+00
2.8081e+02	1.6191e+00	1.1025e+00	-6.8390e-01	1.1984e+00	-5.6820e-01	-7.3510e-01	-1.3882e+00
2.8081e+02	1.6200e+00	1.1020e+00	-6.8420e-01	1.1948e+00	-5.6970e-01	-7.3470e-01	-1.3905e+00
2.8081e+02	1.6208e+00	1.1014e+00	-6.8450e-01	1.1912e+00	-5.7140e-01	-7.3410e-01	-1.3929e+00
2.8081e+02	1.6217e+00	1.1008e+00	-6.8480e-01	1.1877e+00	-5.7330e-01	-7.3330e-01	-1.3951e+00
2.8082e+02	1.6225e+00	1.1002e+00	-6.8520e-01	1.1841e+00	-5.7540e-01	-7.3210e-01	-1.3971e+00
2.8082e+02	1.6234e+00	1.0995e+00	-6.8550e-01	1.1805e+00	-5.7780e-01	-7.3070e-01	-1.3988e+00
2.8082e+02	1.6242e+00	1.0988e+00	-6.8590e-01	1.1771e+00	-5.8050e-01	-7.2930e-01	-1.4003e+00
2.8082e+02	1.6251e+00	1.0981e+00	-6.8640e-01	1.1735e+00	-5.8360e-01	-7.2790e-01	-1.4015e+00
2.8082e+02	1.6259e+00	1.0974e+00	-6.8670e-01	1.1701e+00	-5.8680e-01	-7.2670e-01	-1.4025e+00
2.8083e+02	1.6267e+00	1.0966e+00	-6.8700e-01	1.1667e+00	-5.9020e-01	-7.2560e-01	-1.4033e+00
2.8083e+02	1.6275e+00	1.0959e+00	-6.8730e-01	1.1630e+00	-5.9360e-01	-7.2460e-01	-1.4040e+00
2.8083e+02	1.6283e+00	1.0951e+00	-6.8760e-01	1.1594e+00	-5.9690e-01	-7.2390e-01	-1.4045e+00
2.8083e+02	1.6291e+00	1.0943e+00	-6.8790e-01	1.1558e+00	-6.0010e-01	-7.2320e-01	-1.4050e+00
2.8083e+02	1.6299e+00	1.0935e+00	-6.8820e-01	1.1521e+00	-6.0320e-01	-7.2250e-01	-1.4055e+00
2.8084e+02	1.6307e+00	1.0927e+00	-6.8840e-01	1.1484e+00	-6.0620e-01	-7.2160e-01	-1.4061e+00
2.8084e+02	1.6314e+00	1.0918e+00	-6.8870e-01	1.1447e+00	-6.0930e-01	-7.2060e-01	-1.4068e+00
2.8084e+02	1.6322e+00	1.0909e+00	-6.8900e-01	1.1408e+00	-6.1240e-01	-7.1940e-01	-1.4075e+00
2.8084e+02	1.6329e+00	1.0900e+00	-6.8930e-01	1.1371e+00	-6.1550e-01	-7.1790e-01	-1.4083e+00
2.8084e+02	1.6337e+00	1.0891e+00	-6.8960e-01	1.1334e+00	-6.1870e-01	-7.1640e-01	-1.4090e+00
2.8085e+02	1.6344e+00	1.0881e+00	-6.8990e-01	1.1295e+00	-6.2220e-01	-7.1470e-01	-1.4098e+00
2.8085e+02	1.6352e+00	1.0871e+00	-6.9010e-01	1.1257e+00	-6.2570e-01	-7.1310e-01	-1.4106e+00
2.8085e+02	1.6359e+00	1.0862e+00	-6.9030e-01	1.1220e+00	-6.2940e-01	-7.1140e-01	-1.4114e+00
2.8085e+02	1.6367e+00	1.0853e+00	-6.9040e-01	1.1181e+00	-6.3330e-01	-7.0980e-01	-1.4122e+00
2.8085e+02	1.6374e+00	1.0843e+00	-6.9040e-01	1.1143e+00	-6.3710e-01	-7.0820e-01	-1.4129e+00
2.8086e+02	1.6381e+00	1.0835e+00	-6.9050e-01	1.1106e+00	-6.4110e-01	-7.0660e-01	-1.4136e+00
2.8086e+02	1.6388e+00	1.0826e+00	-6.9050e-01	1.1066e+00	-6.4520e-01	-7.0490e-01	-1.4142e+00
2.8086e+02	1.6396e+00	1.0816e+00	-6.9050e-01	1.1028e+00	-6.4930e-01	-7.0310e-01	-1.4149e+00
2.8086e+02	1.6402e+00	1.0806e+00	-6.9060e-01	1.0990e+00	-6.5350e-01	-7.0120e-01	-1.4156e+00
2.8086e+02	1.6409e+00	1.0796e+00	-6.9070e-01	1.0951e+00	-6.5760e-01	-6.9920e-01	-1.4162e+00
2.8087e+02	1.6416e+00	1.0786e+00	-6.9070e-01	1.0912e+00	-6.6190e-01	-6.9700e-01	-1.4168e+00
2.8087e+02	1.6423e+00	1.0776e+00	-6.9070e-01	1.0875e+00	-6.6620e-01	-6.9470e-01	-1.4173e+00
2.8087e+02	1.6429e+00	1.0766e+00	-6.9070e-01	1.0836e+00	-6.7080e-01	-6.9230e-01	-1.4177e+00
2.8087e+02	1.6435e+00	1.0756e+00	-6.9060e-01	1.0799e+00	-6.7530e-01	-6.8980e-01	-1.4181e+00
2.8087e+02	1.6441e+00	1.0746e+00	-6.9060e-01	1.0762e+00	-6.7980e-01	-6.8730e-01	-1.4183e+00
2.8088e+02	1.6447e+00	1.0736e+00	-6.9050e-01	1.0724e+00	-6.8460e-01	-6.8460e-01	-1.4186e+00
2.8088e+02	1.6454e+00	1.0727e+00	-6.9040e-01	1.0687e+00	-6.8940e-01	-6.8190e-01	-1.4188e+00
2.8088e+02	1.6459e+00	1.0718e+00	-6.9030e-01	1.0651e+00	-6.9420e-01	-6.7900e-01	-1.4190e+00
2.8088e+02	1.6465e+00	1.0708e+00	-6.9020e-01	1.0613e+00	-6.9910e-01	-6.7590e-01	-1.4192e+00
2.8088e+02	1.6471e+00	1.0698e+00	-6.8990e-01	1.0577e+00	-7.0400e-01	-6.7260e-01	-1.4194e+00
2.8089e+02	1.6477e+00	1.0689e+00	-6.8980e-01	1.0542e+00	-7.0890e-01	-6.6900e-01	-1.4195e+00
2.8089e+02	1.6482e+00	1.0679e+00	-6.8960e-01	1.0505e+00	-7.1410e-01	-6.6520e-01	-1.4196e+00
2.8089e+02	1.6488e+00	1.0669e+00	-6.8950e-01	1.0469e+00	-7.1920e-01	-6.6110e-01	-1.4197e+00
2.8089e+02	1.6493e+00	1.0659e+00	-6.8930e-01	1.0432e+00	-7.2440e-01	-6.5690e-01	-1.4197e+00
2.8089e+02	1.6498e+00	1.0649e+00	-6.8920e-01	1.0396e+00	-7.2970e-01	-6.5240e-01	-1.4197e+00
2.8090e+02	1.6503e+00	1.0640e+00	-6.8900e-01	1.0359e+00	-7.3490e-01	-6.4770e-01	-1.4197e+00
2.8090e+02	1.6508e+00	1.0631e+00	-6.8880e-01	1.0324e+00	-7.4030e-01	-6.4270e-01	-1.4196e+00
2.8090e+02	1.6512e+00	1.0622e+00	-6.8860e-01	1.0288e+00	-7.4580e-01	-6.3740e-01	-1.4195e+00
2.8090e+02	1.6516e+00	1.0614e+00	-6.8830e-01	1.0253e+00	-7.5140e-01	-6.3180e-01	-1.4194e+00
2.8090e+02	1.6521e+00	1.0607e+00	-6.8800e-01	1.0218e+00	-7.5710e-01	-6.2580e-01	-1.4193e+00
2.8091e+02	1.6525e+00	1.0599e+00	-6.8770e-01	1.0183e+00	-7.6300e-01	-6.1940e-01	-1.4193e+00
2.8091e+02	1.6529e+00	1.0592e+00	-6.8730e-01	1.0149e+00	-7.6890e-01	-6.1290e-01	-1.4192e+00
2.8091e+02	1.6533e+00	1.0585e+00	-6.8700e-01	1.0115e+00	-7.7470e-01	-6.0610e-01	-1.4191e+00
2.8091e+02	1.6536e+00	1.0579e+00	-6.8670e-01	1.0080e+00	-7.8080e-01	-5.9900e-01	-1.4190e+00
2.8091e+02	1.6540e+00	1.0572e+00	-6.8630e-01	1.0045e+00	-7.8670e-01	-5.9170e-01	-1.4190e+00
2.8092e+02	1.6543e+00	1.0566e+00	-6.8590e-01	1.0012e+00	-7.9260e-01	-5.8400e-01	-1.4188e+00
2.8092e+02	1.6546e+00	1.0561e+00	-6.8560e-01	9.9780e-01	-7.9870e-01	-5.7590e-01	-1.4187e+00
2.8092e+02	1.6548e+00	1.0556e+00	-6.8510e-01	9.9440e-01	-8.0460e-01	-5.6760e-01	-1.4186e+00
2.8092e+02	1.6549e+00	1.0551e+00	-6.8470e-01	9.9120e-01	-8.1060e-01	-5.5890e-01	-1.4185e+00
2.8092e+02	1.6551e+00	1.0546e+00	-6.8430e-01	9.8800e-01	-8.1670e-01	-5.5010e-01	-1.4183e+00
2.8093e+02	1.6551e+00	1.0542e+00	-6.8380e-01	9.8490e-01	-8.2280e-01	-5.4120e-01	-1.4182e+00
2.8093e+02	1.6552e+00	1.0539e+00	-6.8330e-01	9.8180e-01	-8.2880e-01	-5.3220e-01	-1.4182e+00
2.8093e+02	1.6552e+00	1.0536e+00	-6.8280e-01	9.7880e-01	-8.3510e-01	-5.2340e-01	-1.4183e+00
2.8093e+02	1.6552e+00	1.0533e+00	-6.8240e-01	9.7590e-01	-8.4140e-01	-5.1470e-01	-1.4183e+00
2.8093e+02	1.6552e+00	1.0531e+00	-6.8190e-01	9.7320e-01	-8.4770e-01	-5.0630e-01	-1.4182e+00
2.8094e+02	1.6552e+00	1.0529e+00	-6.8150e-01	9.7050e-01	-8.5410e-01	-4.9800e-01	-1.4181e+00
2.8094e+02	1.6551e+00	1.0527e+00	-6.8110e-01	9.6800e-01	-8.6060e-01	-4.8980e-01	-1.4179e+00
2.8094e+02	1.6551e+00	1.0526e+00	-6.8070e-01	9.6560e-01	-8.6700e-01	-4.8160e-01	-1.4177e+00
2.8094e+02	1.6551e+00	1.0525e+00	-6.8040e-01	9.6330e-01	-8.7350e-01	-4.7350e-01	-1.4176e+00
2.8094e+02	1.6551e+00	1.0524e+00	-6.8010e-01	9.6110e-01	-8.7980e-01	-4.6540e-01	-1.4175e+00
2.8095e+02	1.6551e+00	1.0524e+00	-6.7980e-01	9.5920e-01	-8.8590e-01	-4.5760e-01	-1.4175e+00
2.8095e+02	1.6550e+00	1.0524e+00	-6.7960e-01	9.5730e-01	-8.9190e-01	-4.4990e-01	-1.4175e+00
2.8095e+02	1.6550e+00	1.0526e+00	-6.7950e-01	9.5570e-01	-8.9770e-01	-4.4260e-01	-1.4175e+00
2.8095e+02	1.6549e+00	1.0527e+00	-6.7950e-01	9.5420e-01	-9.0310e-01	-4.3560e-01	-1.4176e+00
2.8095e+02	1.6548e+00	1.0529e+00	-6.7950e-01	9.5270e-01	-9.0840e-01	-4.2890e-01	-1.4178e+00
2.8096e+02	1.6547e+00	1.0531e+00	-6.7960e-01	9.5140e-01	-9.1350e-01	-4.2240e-01	-1.4180e+00
2.8096e+02	1.6546e+00	1.0533e+00	-6.7970e-01	9.5020e-01	-9.1850e-01	-4.1600e-01	-1.4182e+00
2.8096e+02	1.6545e+00	1.0536e+00	-6.7990e-01	9.4910e-01	-9.2360e-01	-4.0960e-01	-1.4183e+00
2.8096e+02	1.6544e+00	1.0539e+00	-6.8020e-01	9.4830e-01	-9.2870e-01	-4.0300e-01	-1.4183e+00
2.8096e+02	1.6542e+00	1.0542e+00	-6.8050e-01	9.4770e-01	-9.3390e-01	-3.9630e-01	-1.4182e+00
2.8097e+02	1.6541e+00	1.0545e+00	-6.8090e-01	9.4730e-01	-9.3920e-01	-3.8930e-01	-1.4180e+00
2.8097e+02	1.6540e+00	1.0549e+00	-6.8140e-01	9.4720e-01	-9.4460e-01	-3.8230e-01	-1.4176e+00
2.8097e+02	1.6538e+00	1.0553e+00	-6.8190e-01	9.4730e-01	-9.5010e-01	-3.7520e-01	-1.4172e+00
2.8097e+02	1.6537e+00	1.0557e+00	-6.8250e-01	9.4760e-01	-9.5580e-01	-3.6800e-01	-1.4167e+00
2.8097e+02	1.6535e+00	1.0561e+00	-6.8300e-01	9.4790e-01	-9.6160e-01	-3.6090e-01	-1.4163e+00
2.8098e+02	1.6533e+00	1.0565e+00	-6.8360e-01	9.4830e-01	-9.6740e-01	-3.5390e-01	-1.4159e+00
2.8098e+02	1.6532e+00	1.0570e+00	-6.8420e-01	9.4900e-01	-9.7330e-01	-3.4710e-01	-1.4154e+00
2.8098e+02	1.6530e+00	1.0575e+00	-6.8490e-01	9.4980e-01	-9.7920e-01	-3.4040e-01	-1.4148e+00
2.8098e+02	1.6528e+00	1.0580e+00	-6.8550e-01	9.5070e-01	-9.8510e-01	-3.3380e-01	-1.4140e+00
2.8098e+02	1.6527e+00	1.0586e+00	-6.8620e-01	9.5200e-01	-9.9100e-01	-3.2730e-01	-1.4129e+00
2.8099e+02	1.6525e+00	1.0591e+00	-6.8700e-01	9.5340e-01	-9.9680e-01	-3.2090e-01	-1.4115e+00
2.8099e+02	1.6523e+00	1.0598e+00	-6.8780e-01	9.5500e-01	-1.0024e+00	-3.1450e-01	-1.4099e+00
2.8099e+02	1.6521e+00	1.0605e+00	-6.8860e-01	9.5690e-01	-1.0080e+00	-3.0810e-01	-1.4079e+00
2.8099e+02	1.6518e+00	1.0612e+00	-6.8950e-01	9.5890e-01	-1.0135e+00	-3.0180e-01	-1.4058e+00
2.8099e+02	1.6517e+00	1.0619e+00	-6.9040e-01	9.6120e-01	-1.0188e+00	-2.9550e-01	-1.4035e+00
2.8100e+02	1.6515e+00	1.0626e+00	-6.9130e-01	9.6370e-01	-1.0241e+00	-2.8940e-01	-1.4009e+00
2.8100e+02	1.6513e+00	1.0633e+00	-6.9240e-01	9.6630e-01	-1.0292e+00	-2.8340e-01	-1.3982e+00
2.8100e+02	1.6511e+00	1.0640e+00	-6.9340e-01	9.6900e-01	-1.0342e+00	-2.7760e-01	-1.3954e+00
2.8100e+02	1.6509e+00	1.0648e+00	-6.9450e-01	9.7210e-01	-1.0391e+00	-2.7200e-01	-1.3925e+00
2.8100e+02	1.6508e+00	1.0655e+00	-6.9560e-01	9.7530e-01	-1.0437e+00	-2.6670e-01	-1.3895e+00
2.8101e+02	1.6506e+00	1.0663e+00	-6.9680e-01	9.7860e-01	-1.0481e+00	-2.6170e-01	-1.3866e+00
2.8101e+02	1.6504e+00	1.0670e+00	-6.9800e-01	9.8230e-01	-1.0523e+00	-2.5680e-01	-1.3837e+00
2.8101e+02	1.6502e+00	1.0678e+00	-6.9930e-01	9.8610e-01	-1.0561e+00	-2.5230e-01	-1.3809e+00
2.8101e+02	1.6501e+00	1.0686e+00	-7.0060e-01	9.9010e-01	-1.0595e+00	-2.4810e-01	-1.3782e+00
2.8101e+02	1.6499e+00	1.0693e+00	-7.0200e-01	9.9430e-01	-1.0627e+00	-2.4410e-01	-1.3757e+00
2.8102e+02	1.6497e+00	1.0702e+00	-7.0340e-01	9.9870e-01	-1.0657e+00	-2.4040e-01	-1.3735e+00
2.8102e+02	1.6496e+00	1.0710e+00	-7.0480e-01	1.0033e+00	-1.0683e+00	-2.3700e-01	-1.3715e+00
2.8102e+02	1.6494e+00	1.0718e+00	-7.0610e-01	1.0081e+00	-1.0707e+00	-2.3390e-01	-1.3696e+00
2.8102e+02	1.6492e+00	1.0726e+00	-7.0760e-01	1.0130e+00	-1.0727e+00	-2.3120e-01	-1.3679e+00
2.8102e+02	1.6491e+00	1.0734e+00	-7.0910e-01	1.0180e+00	-1.0743e+00	-2.2870e-01	-1.3663e+00
2.8103e+02	1.6489e+00	1.0743e+00	-7.1060e-01	1.0232e+00	-1.0755e+00	-2.2650e-01	-1.3647e+00
2.8103e+02	1.6488e+00	1.0751e+00	-7.1210e-01	1.0284e+00	-1.0763e+00	-2.2460e-01	-1.3629e+00
2.8103e+02	1.6487e+00	1.0758e+00	-7.1360e-01	1.0337e+00	-1.0767e+00	-2.2290e-01	-1.3611e+00
2.8103e+02	1.6485e+00	1.0766e+00	-7.1510e-01	1.0393e+00	-1.0767e+00	-2.2140e-01	-1.3592e+00
2.8103e+02	1.6484e+00	1.0773e+00	-7.1660e-01	1.0450e+00	-1.0763e+00	-2.2010e-01	-1.3573e+00
2.8104e+02	1.6482e+00	1.0781e+00	-7.1820e-01	1.0506e+00	-1.0756e+00	-2.1900e-01	-1.3556e+00
2.8104e+02	1.6480e+00	1.0788e+00	-7.1970e-01	1.0565e+00	-1.0747e+00	-2.1820e-01	-1.3541e+00
2.8104e+02	1.6478e+00	1.0795e+00	-7.2120e-01	1.0625e+00	-1.0735e+00	-2.1750e-01	-1.3526e+00
2.8104e+02	1.6476e+00	1.0802e+00	-7.2260e-01	1.0686e+00	-1.0720e+00	-2.1690e-01	-1.3513e+00
2.8104e+02	1.6474e+00	1.0809e+00	-7.2410e-01	1.0749e+00	-1.0704e+00	-2.1640e-01	-1.3499e+00
2.8105e+02	1.6472e+00	1.0815e+00	-7.2560e-01	1.0812e+00	-1.0686e+00	-2.1600e-01	-1.3485e+00
2.8105e+02	1.6470e+00	1.0821e+00	-7.2710e-01	1.0876e+00	-1.0666e+00	-2.1560e-01	-1.3470e+00
2.8105e+02	1.6468e+00	1.0827e+00	-7.2860e-01	1.0942e+00	-1.0646e+00	-2.1530e-01	-1.3455e+00
2.8105e+02	1.6466e+00	1.0833e+00	-7.3010e-01	1.1007e+00	-1.0625e+00	-2.1490e-01	-1.3438e+00
2.8105e+02	1.6465e+00	1.0839e+00	-7.3150e-01	1.1073e+00	-1.0603e+00	-2.1450e-01	-1.3421e+00
2.8106e+02	1.6463e+00	1.0844e+00	-7.3290e-01	1.1141e+00	-1.0579e+00	-2.1410e-01	-1.3403e+00
2.8106e+02	1.6461e+00	1.0849e+00	-7.3420e-01	1.1209e+00	-1.0555e+00	-2.1370e-01	-1.3386e+00
2.8106e+02	1.6460e+00	1.0853e+00	-7.3560e-01	1.1276e+00	-1.0530e+00	-2.1330e-01	-1.3370e+00
2.8106e+02	1.6458e+00	1.0857e+00	-7.3690e-01	1.1345e+00	-1.0504e+00	-2.1290e-01	-1.3355e+00
2.8106e+02	1.6457e+00	1.0861e+00	-7.3830e-01	1.1412e+00	-1.0478e+00	-2.1250e-01	-1.3342e+00
2.8107e+02	1.6455e+00	1.0864e+00	-7.3960e-01	1.1477e+00	-1.0451e+00	-2.1220e-01	-1.3331e+00
2.8107e+02	1.6454e+00	1.0867e+00	-7.4090e-01	1.1545e+00	-1.0423e+00	-2.1190e-01	-1.3322e+00
2.8107e+02	1.6453e+00	1.0869e+00	-7.4220e-01	1.1610e+00	-1.0394e+00	-2.1170e-01	-1.3315e+00
2.8107e+02	1.6452e+00	1.0871e+00	-7.4350e-01	1.1674e+00	-1.0365e+00	-2.1140e-01	-1.3310e+00
2.8107e+02	1.6450e+00	1.0873e+00	-7.4480e-01	1.1741e+00	-1.0335e+00	-2.1120e-01	-1.3306e+00
2.8108e+02	1.6449e+00	1.0875e+00	-7.4610e-01	1.1806e+00	-1.0307e+00	-2.1090e-01	-1.3304e+00
2.8108e+02	1.6449e+00	1.0876e+00	-7.4730e-01	1.1869e+00	-1.0278e+00	-2.1060e-01	-1.3303e+00
2.8108e+02	1.6448e+00	1.0877e+00	-7.4850e-01	1.1934e+00	-1.0251e+00	-2.1020e-01	-1.3304e+00
2.8108e+02	1.6448e+00	1.0878e+00	-7.4970e-01	1.1997e+00	-1.0224e+00	-2.0980e-01	-1.3305e+00
2.8108e+02	1.6447e+00	1.0879e+00	-7.5080e-01	1.2058e+00	-1.0198e+00	-2.0930e-01	-1.3306e+00
2.8109e+02	1.6447e+00	1.0880e+00	-7.5190e-01	1.2120e+00	-1.0172e+00	-2.0870e-01	-1.3308e+00
2.8109e+02	1.6447e+00	1.0880e+00	-7.5300e-01	1.2181e+00	-1.0146e+00	-2.0800e-01	-1.3310e+00
2.8109e+02	1.6447e+00	1.0880e+00	-7.5410e-01	1.2240e+00	-1.0121e+00	-2.0730e-01	-1.3312e+00
2.8109e+02	1.6448e+00	1.0880e+00	-7.5510e-01	1.2302e+00	-1.0095e+00	-2.0650e-01	-1.3314e+00
2.8109e+02	1.6448e+00	1.0879e+00	-7.5600e-01	1.2360e+00	-1.0070e+00	-2.0560e-01	-1.3315e+00
2.8110e+02	1.6448e+00	1.0878e+00	-7.5690e-01	1.2418e+00	-1.0045e+00	-2.0480e-01	-1.3316e+00
2.8110e+02	1.6448e+00	1.0877e+00	-7.5780e-01	1.2477e+00	-1.0020e+00	-2.0390e-01	-1.3317e+00
2.8110e+02	1.6448e+00	1.0875e+00	-7.5860e-01	1.2535e+00	-9.9940e-01	-2.0310e-01	-1.3317e+00
2.8110e+02	1.6448e+00	1.0873e+00	-7.5930e-01	1.2591e+00	-9.9680e-01	-2.0230e-01	-1.3317e+00
2.8110e+02	1.6448e+00	1.0871e+00	-7.6000e-01	1.2648e+00	-9.9410e-01	-2.0150e-01	-1.3317e+00
2.8111e+02	1.6448e+00	1.0869e+00	-7.6060e-01	1.2704e+00	-9.9140e-01	-2.0080e-01	-1.3318e+00
2.8111e+02	1.6448e+00	1.0866e+00	-7.6120e-01	1.2757e+00	-9.8860e-01	-2.0020e-01	-1.3319e+00
2.8111e+02	1.6448e+00	1.0863e+00	-7.6170e-01	1.2812e+00	-9.8580e-01	-1.9960e-01	-1.3320e+00
2.8111e+02	1.6448e+00	1.0860e+00	-7.6220e-01	1.2865e+00	-9.8300e-01	-1.9900e-01	-1.3321e+00
2.8111e+02	1.6448e+00	1.0856e+00	-7.6270e-01	1.2916e+00	-9.8020e-01	-1.9840e-01	-1.3323e+00
2.8112e+02	1.6448e+00	1.0852e+00	-7.6320e-01	1.2969e+00	-9.7740e-01	-1.9780e-01	-1.3325e+00
2.8112e+02	1.6448e+00	1.0848e+00	-7.6380e-01	1.3019e+00	-9.7480e-01	-1.9730e-01	-1.3326e+00
2.8112e+02	1.6448e+00	1.0844e+00	-7.6440e-01	1.3068e+00	-9.7240e-01	-1.9680e-01	-1.3328e+00
2.8112e+02	1.6448e+00	1.0840e+00	-7.6500e-01	1.3117e+00	-9.7010e-01	-1.9630e-01	-1.3329e+00
2.8112e+02	1.6448e+00	1.0836e+00	-7.6550e-01	1.3164e+00	-9.6800e-01	-1.9580e-01	-1.3330e+00
2.8113e+02	1.6448e+00	1.0831e+00	-7.6610e-01	1.3209e+00	-9.6610e-01	-1.9540e-01	-1.3330e+00
2.8113e+02	1.6448e+00	1.0827e+00	-7.6670e-01	1.3255e+00	-9.6410e-01	-1.9500e-01	-1.3329e+00
2.8113e+02	1.6448e+00	1.0823e+00	-7.6720e-01	1.3298e+00	-9.6230e-01	-1.9460e-01	-1.3329e+00
2.8113e+02	1.6448e+00	1.0818e+00	-7.6780e-01	1.3339e+00	-9.6060e-01	-1.9420e-01	-1.3329e+00
2.8113e+02	1.6448e+00	1.0814e+00	-7.6840e-01	1.3380e+00	-9.5890e-01	-1.9380e-01	-1.3329e+00
2.8114e+02	1.6448e+00	1.0809e+00	-7.6900e-01	1.3419e+00	-9.5710e-01	-1.9350e-01	-1.3330e+00
2.8114e+02	1.6448e+00	1.0804e+00	-7.6970e-01	1.3457e+00	-9.5540e-01	-1.9330e-01	-1.3330e+00
2.8114e+02	1.6448e+00	1.0799e+00	-7.7040e-01	1.3493e+00	-9.5380e-01	-1.9310e-01	-1.3331e+00
2.8114e+02	1.6448e+00	1.0793e+00	-7.7110e-01	1.3528e+00	-9.5220e-01	-1.9290e-01	-1.3333e+00
2.8114e+02	1.6448e+00	1.0787e+00	-7.7180e-01	1.3562e+00	-9.5070e-01	-1.9270e-01	-1.3336e+00
2.8115e+02	1.6448e+00	1.0781e+00	-7.7250e-01	1.3596e+00	-9.4910e-01	-1.9230e-01	-1.3339e+00
2.8115e+02	1.6448e+00	1.0776e+00	-7.7330e-01	1.3627e+00	-9.4760e-01	-1.9180e-01	-1.3342e+00
2.8115e+02	1.6448e+00	1.0770e+00	-7.7410e-01	1.3658e+00	-9.4600e-01	-1.9110e-01	-1.3346e+00
2.8115e+02	1.6448e+00	1.0764e+00	-7.7500e-01	1.3687e+00	-9.4440e-01	-1.9030e-01	-1.3350e+00
2.8115e+02	1.6448e+00	1.0758e+00	-7.7590e-01	1.3715e+00	-9.4290e-01	-1.8960e-01	-1.3355e+00
2.8116e+02	1.6448e+00	1.0753e+00	-7.7670e-01	1.3742e+00	-9.4150e-01	-1.8890e-01	-1.3360e+00
2.8116e+02	1.6448e+00	1.0747e+00	-7.7770e-01	1.3768e+00	-9.4020e-01	-1.8830e-01	-1.3366e+00
2.8116e+02	1.6448e+00	1.0742e+00	-7.7850e-01	1.3794e+00	-9.3910e-01	-1.8790e-01	-1.3373e+00
2.8116e+02	1.6449e+00	1.0736e+00	-7.7940e-01	1.3818e+00	-9.3820e-01	-1.8760e-01	-1.3384e+00
2.8116e+02	1.6449e+00	1.0729e+00	-7.8040e-01	1.3842e+00	-9.3740e-01	-1.8730e-01	-1.3398e+00
2.8117e+02	1.6449e+00	1.0723e+00	-7.8140e-01	1.3866e+00	-9.3680e-01	-1.8720e-01	-1.3414e+00
2.8117e+02	1.6449e+00	1.0716e+00	-7.8240e-01	1.3888e+00	-9.3630e-01	-1.8710e-01	-1.3434e+00
2.8117e+02	1.6449e+00	1.0709e+00	-7.8340e-01	1.3910e+00	-9.3590e-01	-1.8710e-01	-1.3458e+00
2.8117e+02	1.6449e+00	1.0702e+00	-7.8450e-01	1.3932e+00	-9.3560e-01	-1.8720e-01	-1.3483e+00
2.8117e+02	1.6449e+00	1.0695e+00	-7.8570e-01	1.3952e+00	-9.3560e-01	-1.8740e-01	-1.3511e+00
2.8118e+02	1.6450e+00	1.0688e+00	-7.8680e-01	1.3973e+00	-9.3560e-01	-1.8770e-01	-1.3540e+00
2.8118e+02	1.6450e+00	1.0681e+00	-7.8800e-01	1.3992e+00	-9.3580e-01	-1.8800e-01	-1.3570e+00
2.8118e+02	1.6450e+00	1.0674e+00	-7.8920e-01	1.4011e+00	-9.3610e-01	-1.8830e-01	-1.3599e+00
2.8118e+02	1.6450e+00	1.0666e+00	-7.9050e-01	1.4029e+00	-9.3650e-01	-1.8860e-01	-1.3627e+00
2.8118e+02	1.6450e+00	1.0659e+00	-7.9170e-01	1.4047e+00	-9.3690e-01	-1.8900e-01	-1.3654e+00
2.8119e+02	1.6451e+00	1.0651e+00	-7.9290e-01	1.4064e+00	-9.3740e-01	-1.8940e-01	-1.3680e+00
2.8119e+02	1.6451e+00	1.0644e+00	-7.9420e-01	1.4081e+00	-9.3790e-01	-1.8980e-01	-1.3704e+00
2.8119e+02	1.6451e+00	1.0636e+00	-7.9540e-01	1.4098e+00	-9.3840e-01	-1.9020e-01	-1.3728e+00
2.8119e+02	1.6452e+00	1.0629e+00	-7.9660e-01	1.4114e+00	-9.3900e-01	-1.9070e-01	-1.3750e+00
2.8119e+02	1.6452e+00	1.0621e+00	-7.9780e-01	1.4131e+00	-9.3970e-01	-1.9130e-01	-1.3771e+00
2.8120e+02	1.6453e+00	1.0613e+00	-7.9900e-01	1.4146e+00	-9.4040e-01	-1.9190e-01	-1.3791e+00
2.8120e+02	1.6453e+00	1.0605e+00	-8.0030e-01	1.4161e+00	-9.4100e-01	-1.9260e-01	-1.3810e+00
2.8120e+02	1.6454e+00	1.0597e+00	-8.0150e-01	1.4176e+00	-9.4160e-01	-1.9340e-01	-1.3827e+00
2.8120e+02	1.6455e+00	1.0589e+00	-8.0270e-01	1.4191e+00	-9.4220e-01	-1.9420e-01	-1.3843e+00
2.8120e+02	1.6456e+00	1.0581e+00	-8.0390e-01	1.4205e+00	-9.4280e-01	-1.9500e-01	-1.3857e+00
2.8121e+02	1.6456e+00	1.0572e+00	-8.0510e-01	1.4219e+00	-9.4340e-01	-1.9590e-01	-1.3870e+00
2.8121e+02	1.6457e+00	1.0564e+00	-8.0620e-01	1.4233e+00	-9.4400e-01	-1.9690e-01	-1.3881e+00
2.8121e+02	1.6458e+00	1.0556e+00	-8.0730e-01	1.4246e+00	-9.4460e-01	-1.9800e-01	-1.3891e+00
2.8121e+02	1.6459e+00	1.0547e+00	-8.0850e-01	1.4260e+00	-9.4510e-01	-1.9920e-01	-1.3900e+00
2.8121e+02	1.6460e+00	1.0538e+00	-8.0970e-01	1.4272e+00	-9.4570e-01	-2.0040e-01	-1.3907e+00
2.8122e+02	1.6461e+00	1.0529e+00	-8.1070e-01	1.4284e+00	-9.4640e-01	-2.0170e-01	-1.3913e+00
2.8122e+02	1.6462e+00	1.0521e+00	-8.1190e-01	1.4297e+00	-9.4700e-01	-2.0300e-01	-1.3918e+00
2.8122e+02	1.6463e+00	1.0512e+00	-8.1290e-01	1.4308e+00	-9.4760e-01	-2.0420e-01	-1.3923e+00
2.8122e+02	1.6465e+00	1.0503e+00	-8.1400e-01	1.4320e+00	-9.4820e-01	-2.0550e-01	-1.3926e+00
2.8122e+02	1.6466e+00	1.0494e+00	-8.1510e-01	1.4332e+00	-9.4870e-01	-2.0680e-01	-1.3929e+00
2.8123e+02	1.6467e+00	1.0485e+00	-8.1610e-01	1.4344e+00	-9.4920e-01	-2.0800e-01	-1.3931e+00
2.8123e+02	1.6468e+00	1.0476e+00	-8.1710e-01	1.4355e+00	-9.4970e-01	-2.0930e-01	-1.3933e+00
2.8123e+02	1.6469e+00	1.0467e+00	-8.1810e-01	1.4366e+00	-9.5010e-01	-2.1060e-01	-1.3935e+00
2.8123e+02	1.6471e+00	1.0458e+00	-8.1910e-01	1.4377e+00	-9.5040e-01	-2.1200e-01	-1.3937e+00
2.8123e+02	1.6472e+00	1.0449e+00	-8.2000e-01	1.4387e+00	-9.5080e-01	-2.1340e-01	-1.3939e+00
2.8124e+02	1.6474e+00	1.0439e+00	-8.2090e-01	1.4397e+00	-9.5110e-01	-2.1490e-01	-1.3941e+00
2.8124e+02	1.6475e+00	1.0430e+00	-8.2180e-01	1.4407e+00	-9.5150e-01	-2.1640e-01	-1.3942e+00
2.8124e+02	1.6477e+00	1.0420e+00	-8.2270e-01	1.4417e+00	-9.5190e-01	-2.1810e-01	-1.3943e+00
2.8124e+02	1.6478e+00	1.0411e+00	-8.2360e-01	1.4427e+00	-9.5230e-01	-2.1970e-01	-1.3943e+00
2.8124e+02	1.6479e+00	1.0401e+00	-8.2440e-01	1.4436e+00	-9.5280e-01	-2.2120e-01	-1.3943e+00
2.8125e+02	1.6481e+00	1.0391e+00	-8.2530e-01	1.4445e+00	-9.5330e-01	-2.2270e-01	-1.3943e+00
2.8125e+02	1.6482e+00	1.0381e+00	-8.2620e-01	1.4454e+00	-9.5360e-01	-2.2400e-01	-1.3943e+00
2.8125e+02	1.6483e+00	1.0371e+00	-8.2700e-01	1.4462e+00	-9.5380e-01	-2.2520e-01	-1.3943e+00
2.8125e+02	1.6484e+00	1.0361e+00	-8.2780e-01	1.4470e+00	-9.5400e-01	-2.2620e-01	-1.3943e+00
2.8125e+02	1.6485e+00	1.0351e+00	-8.2860e-01	1.4478e+00	-9.5420e-01	-2.2720e-01	-1.3944e+00
2.8126e+02	1.6487e+00	1.0342e+00	-8.2930e-01	1.4485e+00	-9.5440e-01	-2.2810e-01	-1.3944e+00
2.8126e+02	1.6488e+00	1.0332e+00	-8.2990e-01	1.4493e+00	-9.5460e-01	-2.2900e-01	-1.3945e+00
2.8126e+02	1.6489e+00	1.0322e+00	-8.3060e-01	1.4500e+00	-9.5480e-01	-2.3000e-01	-1.3946e+00
2.8126e+02	1.6490e+00	1.0313e+00	-8.3120e-01	1.4507e+00	-9.5500e-01	-2.3110e-01	-1.3948e+00
2.8126e+02	1.6492e+00	1.0303e+00	-8.3170e-01	1.4513e+00	-9.5510e-01	-2.3220e-01	-1.3950e+00
2.8127e+02	1.6493e+00	1.0293e+00	-8.3220e-01	1.4519e+00	-9.5530e-01	-2.3340e-01	-1.3952e+00
2.8127e+02	1.6495e+00	1.0283e+00	-8.3280e-01	1.4525e+00	-9.5530e-01	-2.3460e-01	-1.3955e+00
2.8127e+02	1.6496e+00	1.0272e+00	-8.3330e-01	1.4531e+00	-9.5540e-01	-2.3580e-01	-1.3958e+00
2.8127e+02	1.6497e+00	1.0262e+00	-8.3380e-01	1.4537e+00	-9.5550e-01	-2.3690e-01	-1.3961e+00
2.8127e+02	1.6499e+00	1.0251e+00	-8.3430e-01	1.4543e+00	-9.5550e-01	-2.3790e-01	-1.3964e+00
2.8128e+02	1.6500e+00	1.0241e+00	-8.3470e-01	1.4548e+00	-9.5550e-01	-2.3880e-01	-1.3966e+00
2.8128e+02	1.6501e+00	1.0231e+00	-8.3520e-01	1.4554e+00	-9.5540e-01	-2.3960e-01	-1.3969e+00
2.8128e+02	1.6502e+00	1.0220e+00	-8.3570e-01	1.4559e+00	-9.5520e-01	-2.4040e-01	-1.3971e+00
2.8128e+02	1.6503e+00	1.0210e+00	-8.3610e-01	1.4564e+00	-9.5510e-01	-2.4110e-01	-1.3973e+00
2.8128e+02	1.6504e+00	1.0200e+00	-8.3660e-01	1.4570e+00	-9.5500e-01	-2.4190e-01	-1.3975e+00
2.8129e+02	1.6505e+00	1.0190e+00	-8.3700e-01	1.4575e+00	-9.5480e-01	-2.4250e-01	-1.3977e+00
2.8129e+02	1.6507e+00	1.0179e+00	-8.3740e-01	1.4580e+00	-9.5470e-01	-2.4320e-01	-1.3978e+00
2.8129e+02	1.6508e+00	1.0169e+00	-8.3790e-01	1.4585e+00	-9.5450e-01	-2.4380e-01	-1.3979e+00
2.8129e+02	1.6509e+00	1.0158e+00	-8.3830e-01	1.4590e+00	-9.5430e-01	-2.4440e-01	-1.3980e+00
2.8129e+02	1.6510e+00	1.0147e+00	-8.3870e-01	1.4596e+00	-9.5410e-01	-2.4500e-01	-1.3980e+00
2.8130e+02	1.6511e+00	1.0136e+00	-8.3910e-01	1.4601e+00	-9.5390e-01	-2.4550e-01	-1.3981e+00
2.8130e+02	1.6513e+00	1.0126e+00	-8.3940e-01	1.4606e+00	-9.5360e-01	-2.4600e-01	-1.3981e+00
2.8130e+02	1.6514e+00	1.0115e+00	-8.3970e-01	1.4610e+00	-9.5330e-01	-2.4650e-01	-1.3981e+00
2.8130e+02	1.6516e+00	1.0104e+00	-8.4000e-01	1.4614e+00	-9.5290e-01	-2.4690e-01	-1.3980e+00
2.8130e+02	1.6517e+00	1.0093e+00	-8.4040e-01	1.4618e+00	-9.5250e-01	-2.4730e-01	-1.3980e+00
2.8131e+02	1.6519e+00	1.0082e+00	-8.4070e-01	1.4622e+00	-9.5220e-01	-2.4770e-01	-1.3979e+00
2.8131e+02	1.6520e+00	1.0071e+00	-8.4100e-01	1.4626e+00	-9.5180e-01	-2.4800e-01	-1.3979e+00
2.8131e+02	1.6522e+00	1.0059e+00	-8.4140e-01	1.4630e+00	-9.5140e-01	-2.4840e-01	-1.3978e+00
2.8131e+02	1.6523e+00	1.0047e+00	-8.4170e-01	1.4634e+00	-9.5110e-01	-2.4870e-01	-1.3977e+00
2.8131e+02	1.6525e+00	1.0036e+00	-8.4200e-01	1.4638e+00	-9.5090e-01	-2.4900e-01	-1.3976e+00
2.8132e+02	1.6527e+00	1.0024e+00	-8.4220e-01	1.4641e+00	-9.5060e-01	-2.4930e-01	-1.3976e+00
2.8132e+02	1.6528e+00	1.0013e+00	-8.4250e-01	1.4645e+00	-9.5050e-01	-2.4950e-01	-1.3975e+00
2.8132e+02	1.6530e+00	1.0002e+00	-8.4290e-01	1.4648e+00	-9.5040e-01	-2.4960e-01	-1.3975e+00
2.8132e+02	1.6531e+00	9.9900e-01	-8.4320e-01	1.4651e+00	-9.5030e-01	-2.4970e-01	-1.3975e+00
2.8132e+02	1.6533e+00	9.9780e-01	-8.4350e-01	1.4653e+00	-9.5020e-01	-2.4970e-01	-1.3975e+00
2.8133e+02	1.6535e+00	9.9660e-01	-8.4390e-01	1.4655e+00	-9.5010e-01	-2.4970e-01	-1.3975e+00
2.8133e+02	1.6537e+00	9.9540e-01	-8.4420e-01	1.4657e+00	-9.5010e-01	-2.4980e-01	-1.3974e+00
2.8133e+02	1.6539e+00	9.9430e-01	-8.4450e-01	1.4659e+00	-9.5020e-01	-2.4980e-01	-1.3974e+00
2.8133e+02	1.6541e+00	9.9310e-01	-8.4480e-01	1.4661e+00	-9.5030e-01	-2.4980e-01	-1.3974e+00
2.8133e+02	1.6543e+00	9.9190e-01	-8.4510e-01	1.4663e+00	-9.5030e-01	-2.4970e-01	-1.3974e+00
2.8134e+02	1.6545e+00	9.9070e-01	-8.4540e-01	1.4665e+00	-9.5030e-01	-2.4970e-01	-1.3974e+00
2.8134e+02	1.6547e+00	9.8950e-01	-8.4570e-01	1.4666e+00	-9.5030e-01	-2.4970e-01	-1.3975e+00
2.8134e+02	1.6549e+00	9.8830e-01	-8.4600e-01	1.4667e+00	-9.5040e-01	-2.4970e-01	-1.3975e+00
2.8134e+02	1.6551e+00	9.8710e-01	-8.4630e-01	1.4668e+00	-9.5040e-01	-2.4960e-01	-1.3976e+00
2.8134e+02	1.6552e+00	9.8580e-01	-8.4670e-01	1.4670e+00	-9.5030e-01	-2.4960e-01	-1.3977e+00
2.8135e+02	1.6554e+00	9.8460e-01	-8.4710e-01	1.4671e+00	-9.5040e-01	-2.4960e-01	-1.3977e+00
2.8135e+02	1.6556e+00	9.8330e-01	-8.4740e-01	1.4672e+00	-9.5040e-01	-2.4960e-01	-1.3978e+00
2.8135e+02	1.6558e+00	9.8200e-01	-8.4780e-01	1.4672e+00	-9.5040e-01	-2.4960e-01	-1.3978e+00
2.8135e+02	1.6560e+00	9.8070e-01	-8.4820e-01	1.4673e+00	-9.5040e-01	-2.4960e-01	-1.3978e+00
2.8135e+02	1.6562e+00	9.7940e-01	-8.4840e-01	1.4673e+00	-9.5040e-01	-2.4960e-01	-1.3979e+00
2.8136e+02	1.6564e+00	9.7810e-01	-8.4880e-01	1.4674e+00	-9.5040e-01	-2.4960e-01	-1.3980e+00
2.8136e+02	1.6566e+00	9.7690e-01	-8.4920e-01	1.4674e+00	-9.5040e-01	-2.4970e-01	-1.3980e+00
2.8136e+02	1.6568e+00	9.7560e-01	-8.4960e-01	1.4674e+00	-9.5040e-01	-2.4970e-01	-1.3981e+00
2.8136e+02	1.6570e+00	9.7430e-01	-8.5000e-01	1.4674e+00	-9.5050e-01	-2.4970e-01	-1.3981e+00
2.8136e+02	1.6572e+00	9.7300e-01	-8.5020e-01	1.4673e+00	-9.5060e-01	-2.4980e-01	-1.3982e+00
2.8137e+02	1.6574e+00	9.7170e-01	-8.5060e-01	1.4673e+00	-9.5070e-01	-2.4990e-01	-1.3982e+00
2.8137e+02	1.6576e+00	9.7040e-01	-8.5090e-01	1.4673e+00	-9.5080e-01	-2.5000e-01	-1.3983e+00
2.8137e+02	1.6578e+00	9.6900e-01	-8.5110e-01	1.4673e+00	-9.5090e-01	-2.5010e-01	-1.3983e+00
2.8137e+02	1.6581e+00	9.6760e-01	-8.5140e-01	1.4673e+00	-9.5100e-01	-2.5030e-01	-1.3983e+00
2.8137e+02	1.6583e+00	9.6620e-01	-8.5180e-01	1.4672e+00	-9.5110e-01	-2.5040e-01	-1.3984e+00
2.8138e+02	1.6585e+00	9.6480e-01	-8.5210e-01	1.4672e+00	-9.5120e-01	-2.5060e-01	-1.3985e+00
2.8138e+02	1.6587e+00	9.6340e-01	-8.5240e-01	1.4671e+00	-9.5120e-01	-2.5070e-01	-1.3985e+00
2.8138e+02	1.6589e+00	9.6200e-01	-8.5270e-01	1.4671e+00	-9.5130e-01	-2.5090e-01	-1.3985e+00
2.8138e+02	1.6591e+00	9.6060e-01	-8.5300e-01	1.4670e+00	-9.5130e-01	-2.5100e-01	-1.3985e+00
2.8138e+02	1.6592e+00	9.5910e-01	-8.5340e-01	1.4670e+00	-9.5130e-01	-2.5110e-01	-1.3985e+00
2.8139e+02	1.6594e+00	9.5770e-01	-8.5380e-01	1.4670e+00	-9.5140e-01	-2.5120e-01	-1.3984e+00
2.8139e+02	1.6596e+00	9.5620e-01	-8.5400e-01	1.4669e+00	-9.5150e-01	-2.5140e-01	-1.3983e+00
2.8139e+02	1.6598e+00	9.5470e-01	-8.5430e-01	1.4669e+00	-9.5150e-01	-2.5150e-01	-1.3982e+00
2.8139e+02	1.6600e+00	9.5320e-01	-8.5460e-01	1.4668e+00	-9.5160e-01	-2.5170e-01	-1.3981e+00
2.8139e+02	1.6602e+00	9.5160e-01	-8.5480e-01	1.4668e+00	-9.5180e-01	-2.5190e-01	-1.3979e+00
2.8140e+02	1.6604e+00	9.5020e-01	-8.5500e-01	1.4667e+00	-9.5190e-01	-2.5210e-01	-1.3978e+00
2.8140e+02	1.6607e+00	9.4870e-01	-8.5530e-01	1.4667e+00	-9.5200e-01	-2.5230e-01	-1.3977e+00
2.8140e+02	1.6609e+00	9.4710e-01	-8.5560e-01	1.4666e+00	-9.5210e-01	-2.5250e-01	-1.3976e+00
2.8140e+02	1.6611e+00	9.4560e-01	-8.5580e-01	1.4665e+00	-9.5210e-01	-2.5270e-01	-1.3975e+00
2.8140e+02	1.6613e+00	9.4400e-01	-8.5610e-01	1.4665e+00	-9.5210e-01	-2.5280e-01	-1.3974e+00
2.8141e+02	1.6615e+00	9.4240e-01	-8.5640e-01	1.4665e+00	-9.5200e-01	-2.5300e-01	-1.3973e+00
2.8141e+02	1.6617e+00	9.4080e-01	-8.5660e-01	1.4664e+00	-9.5190e-01	-2.5320e-01	-1.3971e+00
2.8141e+02	1.6619e+00	9.3920e-01	-8.5690e-01	1.4664e+00	-9.5180e-01	-2.5330e-01	-1.3969e+00
2.8141e+02	1.6621e+00	9.3750e-01	-8.5700e-01	1.4664e+00	-9.5180e-01	-2.5350e-01	-1.3967e+00
2.8141e+02	1.6623e+00	9.3590e-01	-8.5730e-01	1.4664e+00	-9.5170e-01	-2.5370e-01	-1.3964e+00
2.8142e+02	1.6625e+00	9.3420e-01	-8.5760e-01	1.4664e+00	-9.5150e-01	-2.5380e-01	-1.3962e+00
2.8142e+02	1.6627e+00	9.3250e-01	-8.5780e-01	1.4664e+00	-9.5140e-01	-2.5390e-01	-1.3960e+00
2.8142e+02	1.6629e+00	9.3080e-01	-8.5800e-01	1.4664e+00	-9.5130e-01	-2.5410e-01	-1.3957e+00
2.8142e+02	1.6631e+00	9.2910e-01	-8.5820e-01	1.4664e+00	-9.5110e-01	-2.5420e-01	-1.3955e+00
2.8142e+02	1.6633e+00	9.2740e-01	-8.5840e-01	1.4664e+00	-9.5090e-01	-2.5440e-01	-1.3954e+00
2.8143e+02	1.6635e+00	9.2570e-01	-8.5860e-01	1.4664e+00	-9.5070e-01	-2.5460e-01	-1.3953e+00
2.8143e+02	1.6637e+00	9.2390e-01	-8.5880e-01	1.4664e+00	-9.5050e-01	-2.5480e-01	-1.3952e+00
