2.5365e+02	1.5762e+00	1.0748e+00	-7.2100e-01	1.3390e+00	-1.1521e+00	-4.5680e-01	-9.3610e-01
2.5366e+02	1.5751e+00	1.0798e+00	-7.1820e-01	1.3363e+00	-1.1504e+00	-4.5830e-01	-9.3640e-01
2.5366e+02	1.5740e+00	1.0847e+00	-7.1580e-01	1.3337e+00	-1.1487e+00	-4.5990e-01	-9.3670e-01
2.5366e+02	1.5730e+00	1.0896e+00	-7.1330e-01	1.3309e+00	-1.1467e+00	-4.6180e-01	-9.3710e-01
2.5366e+02	1.5721e+00	1.0946e+00	-7.1060e-01	1.3281e+00	-1.1447e+00	-4.6380e-01	-9.3760e-01
2.5366e+02	1.5712e+00	1.0995e+00	-7.0810e-01	1.3253e+00	-1.1426e+00	-4.6600e-01	-9.3830e-01
2.5367e+02	1.5704e+00	1.1043e+00	-7.0570e-01	1.3225e+00	-1.1406e+00	-4.6830e-01	-9.3910e-01
2.5367e+02	1.5697e+00	1.1090e+00	-7.0330e-01	1.3196e+00	-1.1387e+00	-4.7060e-01	-9.4020e-01
2.5367e+02	1.5690e+00	1.1136e+00	-7.0110e-01	1.3167e+00	-1.1368e+00	-4.7310e-01	-9.4170e-01
2.5367e+02	1.5684e+00	1.1181e+00	-6.9900e-01	1.3139e+00	-1.1348e+00	-4.7560e-01	-9.4340e-01
2.5367e+02	1.5678e+00	1.1225e+00	-6.9710e-01	1.3109e+00	-1.1329e+00	-4.7820e-01	-9.4550e-01
2.5368e+02	1.5673e+00	1.1268e+00	-6.9550e-01	1.3080e+00	-1.1310e+00	-4.8080e-01	-9.4790e-01
2.5368e+02	1.5668e+00	1.1309e+00	-6.9400e-01	1.3051e+00	-1.1291e+00	-4.8340e-01	-9.5050e-01
2.5368e+02	1.5664e+00	1.1350e+00	-6.9230e-01	1.3021e+00	-1.1271e+00	-4.8600e-01	-9.5330e-01
2.5368e+02	1.5661e+00	1.1392e+00	-6.9070e-01	1.2990e+00	-1.1249e+00	-4.8870e-01	-9.5620e-01
2.5368e+02	1.5658e+00	1.1432e+00	-6.8920e-01	1.2960e+00	-1.1228e+00	-4.9140e-01	-9.5900e-01
2.5369e+02	1.5656e+00	1.1470e+00	-6.8800e-01	1.2928e+00	-1.1206e+00	-4.9420e-01	-9.6180e-01
2.5369e+02	1.5654e+00	1.1508e+00	-6.8690e-01	1.2898e+00	-1.1185e+00	-4.9720e-01	-9.6450e-01
2.5369e+02	1.5653e+00	1.1546e+00	-6.8560e-01	1.2868e+00	-1.1164e+00	-5.0020e-01	-9.6710e-01
2.5369e+02	1.5652e+00	1.1583e+00	-6.8460e-01	1.2837e+00	-1.1144e+00	-5.0330e-01	-9.6950e-01
2.5369e+02	1.5652e+00	1.1618e+00	-6.8380e-01	1.2806e+00	-1.1124e+00	-5.0650e-01	-9.7180e-01
2.5370e+02	1.5653e+00	1.1653e+00	-6.8290e-01	1.2776e+00	-1.1104e+00	-5.0990e-01	-9.7400e-01
2.5370e+02	1.5653e+00	1.1686e+00	-6.8200e-01	1.2745e+00	-1.1085e+00	-5.1340e-01	-9.7590e-01
2.5370e+02	1.5654e+00	1.1719e+00	-6.8150e-01	1.2714e+00	-1.1066e+00	-5.1700e-01	-9.7770e-01
2.5370e+02	1.5655e+00	1.1750e+00	-6.8110e-01	1.2683e+00	-1.1048e+00	-5.2070e-01	-9.7930e-01
2.5370e+02	1.5656e+00	1.1781e+00	-6.8060e-01	1.2650e+00	-1.1030e+00	-5.2450e-01	-9.8080e-01
2.5371e+02	1.5657e+00	1.1812e+00	-6.8010e-01	1.2618e+00	-1.1011e+00	-5.2830e-01	-9.8210e-01
2.5371e+02	1.5659e+00	1.1842e+00	-6.7960e-01	1.2587e+00	-1.0992e+00	-5.3210e-01	-9.8340e-01
2.5371e+02	1.5662e+00	1.1869e+00	-6.7930e-01	1.2554e+00	-1.0972e+00	-5.3600e-01	-9.8480e-01
2.5371e+02	1.5664e+00	1.1897e+00	-6.7920e-01	1.2522e+00	-1.0953e+00	-5.3980e-01	-9.8640e-01
2.5371e+02	1.5668e+00	1.1924e+00	-6.7890e-01	1.2491e+00	-1.0934e+00	-5.4360e-01	-9.8830e-01
2.5372e+02	1.5671e+00	1.1949e+00	-6.7860e-01	1.2457e+00	-1.0914e+00	-5.4740e-01	-9.9050e-01
2.5372e+02	1.5676e+00	1.1972e+00	-6.7850e-01	1.2425e+00	-1.0892e+00	-5.5130e-01	-9.9310e-01
2.5372e+02	1.5680e+00	1.1995e+00	-6.7840e-01	1.2393e+00	-1.0869e+00	-5.5530e-01	-9.9610e-01
2.5372e+02	1.5685e+00	1.2018e+00	-6.7820e-01	1.2359e+00	-1.0845e+00	-5.5940e-01	-9.9940e-01
2.5372e+02	1.5691e+00	1.2039e+00	-6.7820e-01	1.2326e+00	-1.0820e+00	-5.6360e-01	-1.0031e+00
2.5373e+02	1.5696e+00	1.2060e+00	-6.7820e-01	1.2294e+00	-1.0794e+00	-5.6790e-01	-1.0071e+00
2.5373e+02	1.5702e+00	1.2079e+00	-6.7830e-01	1.2260e+00	-1.0769e+00	-5.7220e-01	-1.0112e+00
2.5373e+02	1.5709e+00	1.2098e+00	-6.7840e-01	1.2227e+00	-1.0742e+00	-5.7650e-01	-1.0156e+00
2.5373e+02	1.5715e+00	1.2116e+00	-6.7850e-01	1.2195e+00	-1.0715e+00	-5.8080e-01	-1.0199e+00
2.5373e+02	1.5721e+00	1.2132e+00	-6.7860e-01	1.2161e+00	-1.0688e+00	-5.8510e-01	-1.0243e+00
2.5374e+02	1.5728e+00	1.2148e+00	-6.7880e-01	1.2129e+00	-1.0660e+00	-5.8940e-01	-1.0287e+00
2.5374e+02	1.5735e+00	1.2163e+00	-6.7900e-01	1.2097e+00	-1.0632e+00	-5.9360e-01	-1.0329e+00
2.5374e+02	1.5742e+00	1.2178e+00	-6.7930e-01	1.2063e+00	-1.0604e+00	-5.9780e-01	-1.0371e+00
2.5374e+02	1.5749e+00	1.2191e+00	-6.7970e-01	1.2030e+00	-1.0576e+00	-6.0180e-01	-1.0411e+00
2.5374e+02	1.5756e+00	1.2203e+00	-6.8000e-01	1.1997e+00	-1.0550e+00	-6.0580e-01	-1.0451e+00
2.5375e+02	1.5764e+00	1.2215e+00	-6.8020e-01	1.1964e+00	-1.0525e+00	-6.0970e-01	-1.0489e+00
2.5375e+02	1.5771e+00	1.2226e+00	-6.8060e-01	1.1932e+00	-1.0500e+00	-6.1340e-01	-1.0527e+00
2.5375e+02	1.5779e+00	1.2237e+00	-6.8090e-01	1.1900e+00	-1.0476e+00	-6.1700e-01	-1.0564e+00
2.5375e+02	1.5788e+00	1.2246e+00	-6.8130e-01	1.1867e+00	-1.0452e+00	-6.2040e-01	-1.0600e+00
2.5375e+02	1.5796e+00	1.2254e+00	-6.8170e-01	1.1835e+00	-1.0428e+00	-6.2360e-01	-1.0636e+00
2.5376e+02	1.5804e+00	1.2262e+00	-6.8210e-01	1.1803e+00	-1.0403e+00	-6.2660e-01	-1.0670e+00
2.5376e+02	1.5813e+00	1.2268e+00	-6.8260e-01	1.1770e+00	-1.0379e+00	-6.2950e-01	-1.0704e+00
2.5376e+02	1.5822e+00	1.2274e+00	-6.8320e-01	1.1737e+00	-1.0355e+00	-6.3220e-01	-1.0737e+00
2.5376e+02	1.5831e+00	1.2279e+00	-6.8370e-01	1.1706e+00	-1.0333e+00	-6.3480e-01	-1.0770e+00
2.5376e+02	1.5840e+00	1.2283e+00	-6.8410e-01	1.1673e+00	-1.0312e+00	-6.3730e-01	-1.0801e+00
2.5377e+02	1.5850e+00	1.2287e+00	-6.8460e-01	1.1642e+00	-1.0292e+00	-6.3970e-01	-1.0831e+00
2.5377e+02	1.5860e+00	1.2290e+00	-6.8520e-01	1.1611e+00	-1.0273e+00	-6.4180e-01	-1.0860e+00
2.5377e+02	1.5871e+00	1.2292e+00	-6.8560e-01	1.1579e+00	-1.0256e+00	-6.4380e-01	-1.0889e+00
2.5377e+02	1.5881e+00	1.2294e+00	-6.8610e-01	1.1548e+00	-1.0239e+00	-6.4560e-01	-1.0918e+00
2.5377e+02	1.5892e+00	1.2295e+00	-6.8650e-01	1.1517e+00	-1.0222e+00	-6.4720e-01	-1.0946e+00
2.5378e+02	1.5903e+00	1.2296e+00	-6.8680e-01	1.1485e+00	-1.0205e+00	-6.4870e-01	-1.0974e+00
2.5378e+02	1.5914e+00	1.2295e+00	-6.8710e-01	1.1454e+00	-1.0187e+00	-6.5010e-01	-1.1001e+00
2.5378e+02	1.5925e+00	1.2295e+00	-6.8730e-01	1.1424e+00	-1.0171e+00	-6.5140e-01	-1.1029e+00
2.5378e+02	1.5937e+00	1.2293e+00	-6.8750e-01	1.1392e+00	-1.0154e+00	-6.5260e-01	-1.1057e+00
2.5378e+02	1.5948e+00	1.2291e+00	-6.8770e-01	1.1361e+00	-1.0138e+00	-6.5370e-01	-1.1086e+00
2.5379e+02	1.5960e+00	1.2288e+00	-6.8790e-01	1.1330e+00	-1.0122e+00	-6.5470e-01	-1.1114e+00
2.5379e+02	1.5971e+00	1.2285e+00	-6.8810e-01	1.1298e+00	-1.0105e+00	-6.5550e-01	-1.1142e+00
2.5379e+02	1.5982e+00	1.2281e+00	-6.8830e-01	1.1267e+00	-1.0090e+00	-6.5630e-01	-1.1169e+00
2.5379e+02	1.5993e+00	1.2277e+00	-6.8860e-01	1.1236e+00	-1.0077e+00	-6.5680e-01	-1.1195e+00
2.5379e+02	1.6004e+00	1.2272e+00	-6.8890e-01	1.1204e+00	-1.0065e+00	-6.5710e-01	-1.1220e+00
2.5380e+02	1.6015e+00	1.2266e+00	-6.8910e-01	1.1173e+00	-1.0054e+00	-6.5730e-01	-1.1245e+00
2.5380e+02	1.6026e+00	1.2259e+00	-6.8950e-01	1.1142e+00	-1.0045e+00	-6.5730e-01	-1.1268e+00
2.5380e+02	1.6037e+00	1.2252e+00	-6.8980e-01	1.1109e+00	-1.0038e+00	-6.5700e-01	-1.1290e+00
2.5380e+02	1.6049e+00	1.2245e+00	-6.9010e-01	1.1078e+00	-1.0032e+00	-6.5660e-01	-1.1311e+00
2.5380e+02	1.6061e+00	1.2237e+00	-6.9040e-01	1.1047e+00	-1.0028e+00	-6.5620e-01	-1.1330e+00
2.5381e+02	1.6073e+00	1.2229e+00	-6.9070e-01	1.1016e+00	-1.0024e+00	-6.5560e-01	-1.1348e+00
2.5381e+02	1.6086e+00	1.2220e+00	-6.9090e-01	1.0985e+00	-1.0022e+00	-6.5510e-01	-1.1364e+00
2.5381e+02	1.6098e+00	1.2211e+00	-6.9110e-01	1.0954e+00	-1.0021e+00	-6.5450e-01	-1.1379e+00
2.5381e+02	1.6111e+00	1.2202e+00	-6.9130e-01	1.0922e+00	-1.0020e+00	-6.5400e-01	-1.1393e+00
2.5381e+02	1.6124e+00	1.2193e+00	-6.9150e-01	1.0891e+00	-1.0021e+00	-6.5350e-01	-1.1405e+00
2.5382e+02	1.6137e+00	1.2183e+00	-6.9180e-01	1.0861e+00	-1.0022e+00	-6.5300e-01	-1.1417e+00
2.5382e+02	1.6149e+00	1.2173e+00	-6.9210e-01	1.0830e+00	-1.0023e+00	-6.5240e-01	-1.1428e+00
2.5382e+02	1.6162e+00	1.2163e+00	-6.9230e-01	1.0800e+00	-1.0024e+00	-6.5180e-01	-1.1438e+00
2.5382e+02	1.6175e+00	1.2151e+00	-6.9260e-01	1.0771e+00	-1.0025e+00	-6.5100e-01	-1.1448e+00
2.5382e+02	1.6188e+00	1.2140e+00	-6.9290e-01	1.0741e+00	-1.0026e+00	-6.5010e-01	-1.1457e+00
2.5383e+02	1.6201e+00	1.2128e+00	-6.9320e-01	1.0712e+00	-1.0028e+00	-6.4910e-01	-1.1467e+00
2.5383e+02	1.6214e+00	1.2116e+00	-6.9360e-01	1.0683e+00	-1.0030e+00	-6.4800e-01	-1.1477e+00
2.5383e+02	1.6226e+00	1.2104e+00	-6.9390e-01	1.0654e+00	-1.0034e+00	-6.4680e-01	-1.1488e+00
2.5383e+02	1.6239e+00	1.2091e+00	-6.9420e-01	1.0627e+00	-1.0040e+00	-6.4560e-01	-1.1499e+00
2.5383e+02	1.6252e+00	1.2078e+00	-6.9450e-01	1.0600e+00	-1.0048e+00	-6.4440e-01	-1.1511e+00
2.5384e+02	1.6265e+00	1.2065e+00	-6.9480e-01	1.0573e+00	-1.0056e+00	-6.4320e-01	-1.1523e+00
2.5384e+02	1.6278e+00	1.2052e+00	-6.9510e-01	1.0546e+00	-1.0067e+00	-6.4200e-01	-1.1535e+00
2.5384e+02	1.6292e+00	1.2038e+00	-6.9550e-01	1.0521e+00	-1.0080e+00	-6.4080e-01	-1.1548e+00
2.5384e+02	1.6305e+00	1.2023e+00	-6.9590e-01	1.0494e+00	-1.0093e+00	-6.3940e-01	-1.1559e+00
2.5384e+02	1.6319e+00	1.2009e+00	-6.9630e-01	1.0469e+00	-1.0108e+00	-6.3800e-01	-1.1570e+00
2.5385e+02	1.6332e+00	1.1994e+00	-6.9670e-01	1.0443e+00	-1.0124e+00	-6.3650e-01	-1.1579e+00
2.5385e+02	1.6345e+00	1.1980e+00	-6.9710e-01	1.0417e+00	-1.0139e+00	-6.3500e-01	-1.1587e+00
2.5385e+02	1.6359e+00	1.1965e+00	-6.9750e-01	1.0392e+00	-1.0155e+00	-6.3350e-01	-1.1593e+00
2.5385e+02	1.6372e+00	1.1949e+00	-6.9800e-01	1.0368e+00	-1.0171e+00	-6.3200e-01	-1.1598e+00
2.5385e+02	1.6385e+00	1.1934e+00	-6.9850e-01	1.0343e+00	-1.0188e+00	-6.3060e-01	-1.1602e+00
2.5386e+02	1.6399e+00	1.1919e+00	-6.9900e-01	1.0320e+00	-1.0207e+00	-6.2910e-01	-1.1606e+00
2.5386e+02	1.6413e+00	1.1903e+00	-6.9950e-01	1.0297e+00	-1.0226e+00	-6.2760e-01	-1.1608e+00
2.5386e+02	1.6426e+00	1.1887e+00	-6.9990e-01	1.0274e+00	-1.0247e+00	-6.2600e-01	-1.1610e+00
2.5386e+02	1.6440e+00	1.1871e+00	-7.0040e-01	1.0252e+00	-1.0269e+00	-6.2430e-01	-1.1612e+00
2.5386e+02	1.6454e+00	1.1854e+00	-7.0100e-01	1.0231e+00	-1.0293e+00	-6.2260e-01	-1.1614e+00
2.5387e+02	1.6468e+00	1.1837e+00	-7.0150e-01	1.0210e+00	-1.0317e+00	-6.2090e-01	-1.1616e+00
2.5387e+02	1.6482e+00	1.1821e+00	-7.0200e-01	1.0189e+00	-1.0344e+00	-6.1910e-01	-1.1617e+00
2.5387e+02	1.6496e+00	1.1803e+00	-7.0260e-01	1.0169e+00	-1.0370e+00	-6.1730e-01	-1.1619e+00
2.5387e+02	1.6509e+00	1.1786e+00	-7.0310e-01	1.0149e+00	-1.0397e+00	-6.1550e-01	-1.1620e+00
2.5387e+02	1.6523e+00	1.1768e+00	-7.0360e-01	1.0131e+00	-1.0426e+00	-6.1370e-01	-1.1621e+00
2.5388e+02	1.6537e+00	1.1750e+00	-7.0430e-01	1.0113e+00	-1.0455e+00	-6.1200e-01	-1.1621e+00
2.5388e+02	1.6551e+00	1.1732e+00	-7.0480e-01	1.0096e+00	-1.0484e+00	-6.1030e-01	-1.1620e+00
2.5388e+02	1.6565e+00	1.1714e+00	-7.0540e-01	1.0079e+00	-1.0514e+00	-6.0870e-01	-1.1619e+00
2.5388e+02	1.6579e+00	1.1696e+00	-7.0600e-01	1.0064e+00	-1.0543e+00	-6.0700e-01	-1.1618e+00
2.5388e+02	1.6592e+00	1.1678e+00	-7.0660e-01	1.0048e+00	-1.0572e+00	-6.0520e-01	-1.1617e+00
2.5389e+02	1.6606e+00	1.1660e+00	-7.0720e-01	1.0033e+00	-1.0602e+00	-6.0350e-01	-1.1615e+00
2.5389e+02	1.6620e+00	1.1641e+00	-7.0780e-01	1.0019e+00	-1.0632e+00	-6.0170e-01	-1.1613e+00
2.5389e+02	1.6634e+00	1.1622e+00	-7.0850e-01	1.0004e+00	-1.0662e+00	-5.9980e-01	-1.1612e+00
2.5389e+02	1.6648e+00	1.1604e+00	-7.0910e-01	9.9910e-01	-1.0693e+00	-5.9790e-01	-1.1610e+00
2.5389e+02	1.6662e+00	1.1585e+00	-7.0970e-01	9.9780e-01	-1.0724e+00	-5.9600e-01	-1.1609e+00
2.5390e+02	1.6676e+00	1.1566e+00	-7.1040e-01	9.9660e-01	-1.0755e+00	-5.9410e-01	-1.1607e+00
2.5390e+02	1.6691e+00	1.1547e+00	-7.1100e-01	9.9550e-01	-1.0787e+00	-5.9210e-01	-1.1605e+00
2.5390e+02	1.6705e+00	1.1528e+00	-7.1170e-01	9.9450e-01	-1.0819e+00	-5.9000e-01	-1.1604e+00
2.5390e+02	1.6719e+00	1.1509e+00	-7.1240e-01	9.9340e-01	-1.0852e+00	-5.8790e-01	-1.1602e+00
2.5390e+02	1.6733e+00	1.1490e+00	-7.1300e-01	9.9240e-01	-1.0884e+00	-5.8580e-01	-1.1601e+00
2.5391e+02	1.6747e+00	1.1471e+00	-7.1370e-01	9.9150e-01	-1.0915e+00	-5.8360e-01	-1.1600e+00
2.5391e+02	1.6761e+00	1.1451e+00	-7.1440e-01	9.9060e-01	-1.0946e+00	-5.8130e-01	-1.1598e+00
2.5391e+02	1.6774e+00	1.1432e+00	-7.1510e-01	9.8980e-01	-1.0978e+00	-5.7890e-01	-1.1596e+00
2.5391e+02	1.6788e+00	1.1413e+00	-7.1580e-01	9.8910e-01	-1.1008e+00	-5.7640e-01	-1.1594e+00
2.5391e+02	1.6801e+00	1.1394e+00	-7.1650e-01	9.8840e-01	-1.1038e+00	-5.7370e-01	-1.1592e+00
2.5392e+02	1.6814e+00	1.1375e+00	-7.1710e-01	9.8780e-01	-1.1069e+00	-5.7080e-01	-1.1589e+00
2.5392e+02	1.6827e+00	1.1356e+00	-7.1790e-01	9.8720e-01	-1.1100e+00	-5.6770e-01	-1.1586e+00
2.5392e+02	1.6840e+00	1.1337e+00	-7.1860e-01	9.8680e-01	-1.1130e+00	-5.6460e-01	-1.1582e+00
2.5392e+02	1.6853e+00	1.1318e+00	-7.1930e-01	9.8630e-01	-1.1161e+00	-5.6130e-01	-1.1578e+00
2.5392e+02	1.6866e+00	1.1299e+00	-7.2010e-01	9.8590e-01	-1.1193e+00	-5.5800e-01	-1.1574e+00
2.5393e+02	1.6878e+00	1.1280e+00	-7.2080e-01	9.8560e-01	-1.1225e+00	-5.5470e-01	-1.1570e+00
2.5393e+02	1.6891e+00	1.1261e+00	-7.2140e-01	9.8530e-01	-1.1258e+00	-5.5130e-01	-1.1566e+00
2.5393e+02	1.6904e+00	1.1242e+00	-7.2210e-01	9.8500e-01	-1.1291e+00	-5.4780e-01	-1.1562e+00
2.5393e+02	1.6917e+00	1.1223e+00	-7.2280e-01	9.8480e-01	-1.1325e+00	-5.4430e-01	-1.1558e+00
2.5393e+02	1.6929e+00	1.1204e+00	-7.2350e-01	9.8470e-01	-1.1359e+00	-5.4070e-01	-1.1555e+00
2.5394e+02	1.6942e+00	1.1186e+00	-7.2410e-01	9.8460e-01	-1.1394e+00	-5.3690e-01	-1.1551e+00
2.5394e+02	1.6954e+00	1.1167e+00	-7.2480e-01	9.8460e-01	-1.1428e+00	-5.3310e-01	-1.1546e+00
2.5394e+02	1.6966e+00	1.1149e+00	-7.2540e-01	9.8460e-01	-1.1462e+00	-5.2920e-01	-1.1540e+00
2.5394e+02	1.6978e+00	1.1130e+00	-7.2610e-01	9.8460e-01	-1.1496e+00	-5.2510e-01	-1.1532e+00
2.5394e+02	1.6989e+00	1.1112e+00	-7.2670e-01	9.8460e-01	-1.1528e+00	-5.2100e-01	-1.1523e+00
2.5395e+02	1.7001e+00	1.1094e+00	-7.2730e-01	9.8460e-01	-1.1560e+00	-5.1670e-01	-1.1514e+00
2.5395e+02	1.7012e+00	1.1076e+00	-7.2800e-01	9.8470e-01	-1.1592e+00	-5.1250e-01	-1.1504e+00
2.5395e+02	1.7022e+00	1.1058e+00	-7.2860e-01	9.8470e-01	-1.1623e+00	-5.0820e-01	-1.1493e+00
2.5395e+02	1.7033e+00	1.1041e+00	-7.2910e-01	9.8480e-01	-1.1654e+00	-5.0400e-01	-1.1482e+00
2.5395e+02	1.7044e+00	1.1024e+00	-7.2960e-01	9.8500e-01	-1.1687e+00	-4.9970e-01	-1.1472e+00
2.5396e+02	1.7053e+00	1.1006e+00	-7.3010e-01	9.8510e-01	-1.1720e+00	-4.9550e-01	-1.1462e+00
2.5396e+02	1.7063e+00	1.0989e+00	-7.3070e-01	9.8530e-01	-1.1752e+00	-4.9120e-01	-1.1453e+00
2.5396e+02	1.7073e+00	1.0972e+00	-7.3120e-01	9.8550e-01	-1.1784e+00	-4.8710e-01	-1.1446e+00
2.5396e+02	1.7082e+00	1.0956e+00	-7.3160e-01	9.8570e-01	-1.1816e+00	-4.8300e-01	-1.1439e+00
2.5396e+02	1.7091e+00	1.0940e+00	-7.3210e-01	9.8590e-01	-1.1849e+00	-4.7880e-01	-1.1433e+00
2.5397e+02	1.7100e+00	1.0924e+00	-7.3260e-01	9.8610e-01	-1.1881e+00	-4.7460e-01	-1.1429e+00
2.5397e+02	1.7108e+00	1.0909e+00	-7.3300e-01	9.8630e-01	-1.1913e+00	-4.7040e-01	-1.1425e+00
2.5397e+02	1.7116e+00	1.0894e+00	-7.3340e-01	9.8650e-01	-1.1946e+00	-4.6610e-01	-1.1422e+00
2.5397e+02	1.7124e+00	1.0879e+00	-7.3380e-01	9.8680e-01	-1.1978e+00	-4.6170e-01	-1.1420e+00
2.5397e+02	1.7131e+00	1.0864e+00	-7.3420e-01	9.8690e-01	-1.2011e+00	-4.5730e-01	-1.1419e+00
2.5398e+02	1.7138e+00	1.0850e+00	-7.3460e-01	9.8710e-01	-1.2045e+00	-4.5290e-01	-1.1418e+00
2.5398e+02	1.7145e+00	1.0836e+00	-7.3490e-01	9.8730e-01	-1.2079e+00	-4.4840e-01	-1.1418e+00
2.5398e+02	1.7151e+00	1.0822e+00	-7.3530e-01	9.8750e-01	-1.2114e+00	-4.4400e-01	-1.1418e+00
2.5398e+02	1.7157e+00	1.0809e+00	-7.3570e-01	9.8770e-01	-1.2150e+00	-4.3940e-01	-1.1419e+00
2.5398e+02	1.7163e+00	1.0796e+00	-7.3600e-01	9.8800e-01	-1.2187e+00	-4.3480e-01	-1.1419e+00
2.5399e+02	1.7168e+00	1.0784e+00	-7.3630e-01	9.8820e-01	-1.2223e+00	-4.3010e-01	-1.1420e+00
2.5399e+02	1.7174e+00	1.0773e+00	-7.3650e-01	9.8840e-01	-1.2258e+00	-4.2540e-01	-1.1420e+00
2.5399e+02	1.7178e+00	1.0761e+00	-7.3680e-01	9.8860e-01	-1.2292e+00	-4.2090e-01	-1.1420e+00
2.5399e+02	1.7183e+00	1.0751e+00	-7.3700e-01	9.8880e-01	-1.2327e+00	-4.1630e-01	-1.1421e+00
2.5399e+02	1.7186e+00	1.0740e+00	-7.3720e-01	9.8900e-01	-1.2362e+00	-4.1170e-01	-1.1422e+00
2.5400e+02	1.7190e+00	1.0730e+00	-7.3750e-01	9.8920e-01	-1.2398e+00	-4.0710e-01	-1.1423e+00
2.5400e+02	1.7193e+00	1.0720e+00	-7.3770e-01	9.8940e-01	-1.2432e+00	-4.0250e-01	-1.1424e+00
2.5400e+02	1.7196e+00	1.0711e+00	-7.3780e-01	9.8970e-01	-1.2468e+00	-3.9790e-01	-1.1426e+00
2.5400e+02	1.7198e+00	1.0701e+00	-7.3800e-01	9.9000e-01	-1.2503e+00	-3.9350e-01	-1.1427e+00
2.5400e+02	1.7199e+00	1.0692e+00	-7.3810e-01	9.9030e-01	-1.2538e+00	-3.8920e-01	-1.1429e+00
2.5401e+02	1.7201e+00	1.0684e+00	-7.3820e-01	9.9070e-01	-1.2571e+00	-3.8510e-01	-1.1430e+00
2.5401e+02	1.7202e+00	1.0677e+00	-7.3830e-01	9.9110e-01	-1.2603e+00	-3.8120e-01	-1.1431e+00
2.5401e+02	1.7202e+00	1.0670e+00	-7.3830e-01	9.9150e-01	-1.2634e+00	-3.7750e-01	-1.1432e+00
2.5401e+02	1.7202e+00	1.0664e+00	-7.3830e-01	9.9200e-01	-1.2664e+00	-3.7400e-01	-1.1432e+00
2.5401e+02	1.7201e+00	1.0658e+00	-7.3830e-01	9.9260e-01	-1.2693e+00	-3.7090e-01	-1.1432e+00
2.5402e+02	1.7201e+00	1.0653e+00	-7.3820e-01	9.9310e-01	-1.2721e+00	-3.6800e-01	-1.1432e+00
2.5402e+02	1.7201e+00	1.0648e+00	-7.3800e-01	9.9370e-01	-1.2747e+00	-3.6550e-01	-1.1432e+00
2.5402e+02	1.7200e+00	1.0644e+00	-7.3790e-01	9.9430e-01	-1.2771e+00	-3.6330e-01	-1.1432e+00
2.5402e+02	1.7200e+00	1.0640e+00	-7.3770e-01	9.9490e-01	-1.2794e+00	-3.6130e-01	-1.1431e+00
2.5402e+02	1.7199e+00	1.0636e+00	-7.3760e-01	9.9550e-01	-1.2816e+00	-3.5950e-01	-1.1431e+00
2.5403e+02	1.7198e+00	1.0632e+00	-7.3750e-01	9.9630e-01	-1.2835e+00	-3.5800e-01	-1.1430e+00
2.5403e+02	1.7197e+00	1.0629e+00	-7.3740e-01	9.9710e-01	-1.2853e+00	-3.5650e-01	-1.1429e+00
2.5403e+02	1.7195e+00	1.0626e+00	-7.3730e-01	9.9810e-01	-1.2870e+00	-3.5530e-01	-1.1428e+00
2.5403e+02	1.7192e+00	1.0624e+00	-7.3720e-01	9.9920e-01	-1.2884e+00	-3.5410e-01	-1.1428e+00
2.5403e+02	1.7190e+00	1.0623e+00	-7.3720e-01	1.0004e+00	-1.2898e+00	-3.5310e-01	-1.1427e+00
2.5404e+02	1.7187e+00	1.0621e+00	-7.3720e-01	1.0017e+00	-1.2910e+00	-3.5200e-01	-1.1427e+00
2.5404e+02	1.7183e+00	1.0621e+00	-7.3720e-01	1.0032e+00	-1.2921e+00	-3.5100e-01	-1.1427e+00
2.5404e+02	1.7180e+00	1.0620e+00	-7.3730e-01	1.0048e+00	-1.2930e+00	-3.4980e-01	-1.1427e+00
2.5404e+02	1.7176e+00	1.0620e+00	-7.3730e-01	1.0064e+00	-1.2939e+00	-3.4870e-01	-1.1427e+00
2.5404e+02	1.7172e+00	1.0620e+00	-7.3740e-01	1.0081e+00	-1.2946e+00	-3.4770e-01	-1.1427e+00
2.5405e+02	1.7168e+00	1.0620e+00	-7.3740e-01	1.0099e+00	-1.2952e+00	-3.4680e-01	-1.1428e+00
2.5405e+02	1.7164e+00	1.0620e+00	-7.3740e-01	1.0118e+00	-1.2955e+00	-3.4600e-01	-1.1430e+00
2.5405e+02	1.7161e+00	1.0621e+00	-7.3750e-01	1.0137e+00	-1.2957e+00	-3.4550e-01	-1.1434e+00
2.5405e+02	1.7157e+00	1.0622e+00	-7.3750e-01	1.0159e+00	-1.2959e+00	-3.4510e-01	-1.1439e+00
2.5405e+02	1.7153e+00	1.0623e+00	-7.3760e-01	1.0181e+00	-1.2960e+00	-3.4490e-01	-1.1447e+00
2.5406e+02	1.7148e+00	1.0624e+00	-7.3760e-01	1.0204e+00	-1.2961e+00	-3.4480e-01	-1.1457e+00
2.5406e+02	1.7144e+00	1.0626e+00	-7.3770e-01	1.0229e+00	-1.2963e+00	-3.4470e-01	-1.1470e+00
2.5406e+02	1.7139e+00	1.0628e+00	-7.3790e-01	1.0256e+00	-1.2965e+00	-3.4460e-01	-1.1485e+00
2.5406e+02	1.7134e+00	1.0631e+00	-7.3800e-01	1.0285e+00	-1.2968e+00	-3.4440e-01	-1.1503e+00
2.5406e+02	1.7129e+00	1.0634e+00	-7.3820e-01	1.0316e+00	-1.2972e+00	-3.4420e-01	-1.1523e+00
2.5407e+02	1.7124e+00	1.0637e+00	-7.3840e-01	1.0348e+00	-1.2976e+00	-3.4400e-01	-1.1544e+00
2.5407e+02	1.7119e+00	1.0641e+00	-7.3860e-01	1.0381e+00	-1.2981e+00	-3.4380e-01	-1.1566e+00
2.5407e+02	1.7114e+00	1.0645e+00	-7.3880e-01	1.0418e+00	-1.2985e+00	-3.4380e-01	-1.1588e+00
2.5407e+02	1.7109e+00	1.0649e+00	-7.3900e-01	1.0455e+00	-1.2991e+00	-3.4380e-01	-1.1610e+00
2.5407e+02	1.7104e+00	1.0653e+00	-7.3920e-01	1.0494e+00	-1.2996e+00	-3.4400e-01	-1.1630e+00
2.5408e+02	1.7100e+00	1.0658e+00	-7.3940e-01	1.0535e+00	-1.3002e+00	-3.4430e-01	-1.1649e+00
2.5408e+02	1.7095e+00	1.0663e+00	-7.3970e-01	1.0578e+00	-1.3009e+00	-3.4480e-01	-1.1666e+00
2.5408e+02	1.7090e+00	1.0668e+00	-7.3990e-01	1.0623e+00	-1.3017e+00	-3.4550e-01	-1.1681e+00
2.5408e+02	1.7085e+00	1.0673e+00	-7.4020e-01	1.0671e+00	-1.3026e+00	-3.4630e-01	-1.1693e+00
2.5408e+02	1.7080e+00	1.0679e+00	-7.4050e-01	1.0720e+00	-1.3035e+00	-3.4730e-01	-1.1703e+00
2.5409e+02	1.7075e+00	1.0685e+00	-7.4070e-01	1.0771e+00	-1.3045e+00	-3.4850e-01	-1.1710e+00
2.5409e+02	1.7070e+00	1.0691e+00	-7.4100e-01	1.0826e+00	-1.3057e+00	-3.4970e-01	-1.1714e+00
2.5409e+02	1.7065e+00	1.0697e+00	-7.4140e-01	1.0882e+00	-1.3071e+00	-3.5120e-01	-1.1716e+00
2.5409e+02	1.7060e+00	1.0704e+00	-7.4180e-01	1.0940e+00	-1.3085e+00	-3.5280e-01	-1.1716e+00
2.5409e+02	1.7055e+00	1.0710e+00	-7.4220e-01	1.1000e+00	-1.3098e+00	-3.5440e-01	-1.1715e+00
2.5410e+02	1.7049e+00	1.0717e+00	-7.4260e-01	1.1062e+00	-1.3110e+00	-3.5610e-01	-1.1712e+00
2.5410e+02	1.7044e+00	1.0724e+00	-7.4310e-01	1.1125e+00	-1.3120e+00	-3.5770e-01	-1.1708e+00
2.5410e+02	1.7039e+00	1.0731e+00	-7.4350e-01	1.1191e+00	-1.3130e+00	-3.5930e-01	-1.1704e+00
2.5410e+02	1.7034e+00	1.0738e+00	-7.4390e-01	1.1257e+00	-1.3139e+00	-3.6110e-01	-1.1701e+00
2.5410e+02	1.7029e+00	1.0746e+00	-7.4430e-01	1.1324e+00	-1.3148e+00	-3.6290e-01	-1.1698e+00
2.5411e+02	1.7025e+00	1.0754e+00	-7.4470e-01	1.1394e+00	-1.3155e+00	-3.6470e-01	-1.1696e+00
2.5411e+02	1.7020e+00	1.0762e+00	-7.4510e-01	1.1462e+00	-1.3162e+00	-3.6670e-01	-1.1694e+00
2.5411e+02	1.7016e+00	1.0771e+00	-7.4550e-01	1.1531e+00	-1.3168e+00	-3.6860e-01	-1.1693e+00
2.5411e+02	1.7011e+00	1.0780e+00	-7.4590e-01	1.1603e+00	-1.3172e+00	-3.7040e-01	-1.1691e+00
2.5411e+02	1.7006e+00	1.0788e+00	-7.4640e-01	1.1674e+00	-1.3175e+00	-3.7220e-01	-1.1689e+00
2.5412e+02	1.7001e+00	1.0796e+00	-7.4680e-01	1.1745e+00	-1.3177e+00	-3.7390e-01	-1.1686e+00
2.5412e+02	1.6995e+00	1.0805e+00	-7.4730e-01	1.1819e+00	-1.3176e+00	-3.7550e-01	-1.1682e+00
2.5412e+02	1.6989e+00	1.0814e+00	-7.4780e-01	1.1892e+00	-1.3174e+00	-3.7710e-01	-1.1678e+00
2.5412e+02	1.6984e+00	1.0823e+00	-7.4840e-01	1.1964e+00	-1.3169e+00	-3.7870e-01	-1.1672e+00
2.5412e+02	1.6978e+00	1.0831e+00	-7.4890e-01	1.2039e+00	-1.3162e+00	-3.8020e-01	-1.1666e+00
2.5413e+02	1.6971e+00	1.0840e+00	-7.4950e-01	1.2113e+00	-1.3154e+00	-3.8170e-01	-1.1659e+00
2.5413e+02	1.6965e+00	1.0849e+00	-7.5010e-01	1.2187e+00	-1.3142e+00	-3.8310e-01	-1.1653e+00
2.5413e+02	1.6958e+00	1.0857e+00	-7.5070e-01	1.2265e+00	-1.3129e+00	-3.8450e-01	-1.1647e+00
2.5413e+02	1.6952e+00	1.0866e+00	-7.5130e-01	1.2341e+00	-1.3114e+00	-3.8590e-01	-1.1642e+00
2.5413e+02	1.6946e+00	1.0875e+00	-7.5190e-01	1.2417e+00	-1.3099e+00	-3.8730e-01	-1.1638e+00
2.5414e+02	1.6940e+00	1.0884e+00	-7.5260e-01	1.2497e+00	-1.3083e+00	-3.8860e-01	-1.1634e+00
2.5414e+02	1.6934e+00	1.0894e+00	-7.5340e-01	1.2576e+00	-1.3068e+00	-3.9000e-01	-1.1630e+00
2.5414e+02	1.6928e+00	1.0902e+00	-7.5400e-01	1.2654e+00	-1.3053e+00	-3.9130e-01	-1.1627e+00
2.5414e+02	1.6922e+00	1.0911e+00	-7.5470e-01	1.2737e+00	-1.3037e+00	-3.9260e-01	-1.1624e+00
2.5414e+02	1.6916e+00	1.0920e+00	-7.5550e-01	1.2817e+00	-1.3020e+00	-3.9380e-01	-1.1622e+00
2.5415e+02	1.6911e+00	1.0929e+00	-7.5630e-01	1.2898e+00	-1.3001e+00	-3.9490e-01	-1.1619e+00
2.5415e+02	1.6905e+00	1.0937e+00	-7.5710e-01	1.2980e+00	-1.2981e+00	-3.9600e-01	-1.1617e+00
2.5415e+02	1.6900e+00	1.0945e+00	-7.5810e-01	1.3061e+00	-1.2959e+00	-3.9690e-01	-1.1615e+00
2.5415e+02	1.6895e+00	1.0953e+00	-7.5900e-01	1.3141e+00	-1.2937e+00	-3.9760e-01	-1.1613e+00
2.5415e+02	1.6890e+00	1.0961e+00	-7.6010e-01	1.3223e+00	-1.2914e+00	-3.9820e-01	-1.1611e+00
2.5416e+02	1.6886e+00	1.0968e+00	-7.6110e-01	1.3303e+00	-1.2889e+00	-3.9850e-01	-1.1609e+00
2.5416e+02	1.6881e+00	1.0974e+00	-7.6220e-01	1.3381e+00	-1.2865e+00	-3.9850e-01	-1.1607e+00
2.5416e+02	1.6877e+00	1.0980e+00	-7.6340e-01	1.3462e+00	-1.2841e+00	-3.9840e-01	-1.1605e+00
2.5416e+02	1.6873e+00	1.0986e+00	-7.6450e-01	1.3540e+00	-1.2816e+00	-3.9800e-01	-1.1603e+00
2.5416e+02	1.6870e+00	1.0991e+00	-7.6570e-01	1.3616e+00	-1.2792e+00	-3.9760e-01	-1.1601e+00
2.5417e+02	1.6867e+00	1.0996e+00	-7.6680e-01	1.3694e+00	-1.2769e+00	-3.9720e-01	-1.1598e+00
2.5417e+02	1.6864e+00	1.1001e+00	-7.6790e-01	1.3768e+00	-1.2747e+00	-3.9690e-01	-1.1595e+00
2.5417e+02	1.6862e+00	1.1005e+00	-7.6900e-01	1.3840e+00	-1.2726e+00	-3.9650e-01	-1.1592e+00
2.5417e+02	1.6859e+00	1.1009e+00	-7.7020e-01	1.3914e+00	-1.2707e+00	-3.9610e-01	-1.1588e+00
2.5417e+02	1.6857e+00	1.1013e+00	-7.7130e-01	1.3985e+00	-1.2689e+00	-3.9560e-01	-1.1585e+00
2.5418e+02	1.6856e+00	1.1017e+00	-7.7250e-01	1.4053e+00	-1.2671e+00	-3.9490e-01	-1.1582e+00
2.5418e+02	1.6854e+00	1.1020e+00	-7.7370e-01	1.4122e+00	-1.2653e+00	-3.9420e-01	-1.1580e+00
2.5418e+02	1.6852e+00	1.1023e+00	-7.7480e-01	1.4189e+00	-1.2635e+00	-3.9320e-01	-1.1579e+00
2.5418e+02	1.6850e+00	1.1026e+00	-7.7600e-01	1.4254e+00	-1.2616e+00	-3.9220e-01	-1.1579e+00
2.5418e+02	1.6848e+00	1.1028e+00	-7.7720e-01	1.4321e+00	-1.2597e+00	-3.9110e-01	-1.1579e+00
2.5419e+02	1.6846e+00	1.1031e+00	-7.7830e-01	1.4384e+00	-1.2576e+00	-3.8990e-01	-1.1580e+00
2.5419e+02	1.6843e+00	1.1033e+00	-7.7950e-01	1.4447e+00	-1.2556e+00	-3.8860e-01	-1.1583e+00
2.5419e+02	1.6841e+00	1.1034e+00	-7.8060e-01	1.4511e+00	-1.2536e+00	-3.8740e-01	-1.1586e+00
2.5419e+02	1.6839e+00	1.1035e+00	-7.8170e-01	1.4572e+00	-1.2516e+00	-3.8630e-01	-1.1589e+00
2.5419e+02	1.6837e+00	1.1035e+00	-7.8280e-01	1.4631e+00	-1.2497e+00	-3.8530e-01	-1.1593e+00
2.5420e+02	1.6835e+00	1.1035e+00	-7.8390e-01	1.4692e+00	-1.2479e+00	-3.8440e-01	-1.1598e+00
2.5420e+02	1.6833e+00	1.1035e+00	-7.8500e-01	1.4750e+00	-1.2461e+00	-3.8360e-01	-1.1603e+00
2.5420e+02	1.6831e+00	1.1034e+00	-7.8600e-01	1.4806e+00	-1.2442e+00	-3.8290e-01	-1.1609e+00
2.5420e+02	1.6829e+00	1.1033e+00	-7.8710e-01	1.4862e+00	-1.2423e+00	-3.8230e-01	-1.1616e+00
2.5420e+02	1.6827e+00	1.1031e+00	-7.8810e-01	1.4916e+00	-1.2406e+00	-3.8190e-01	-1.1624e+00
2.5421e+02	1.6826e+00	1.1029e+00	-7.8910e-01	1.4969e+00	-1.2388e+00	-3.8170e-01	-1.1632e+00
2.5421e+02	1.6824e+00	1.1026e+00	-7.9000e-01	1.5022e+00	-1.2371e+00	-3.8160e-01	-1.1642e+00
2.5421e+02	1.6822e+00	1.1023e+00	-7.9100e-01	1.5073e+00	-1.2354e+00	-3.8170e-01	-1.1652e+00
2.5421e+02	1.6820e+00	1.1020e+00	-7.9210e-01	1.5122e+00	-1.2337e+00	-3.8170e-01	-1.1663e+00
2.5421e+02	1.6818e+00	1.1016e+00	-7.9310e-01	1.5171e+00	-1.2320e+00	-3.8170e-01	-1.1675e+00
2.5422e+02	1.6817e+00	1.1012e+00	-7.9400e-01	1.5218e+00	-1.2303e+00	-3.8180e-01	-1.1687e+00
2.5422e+02	1.6815e+00	1.1008e+00	-7.9500e-01	1.5264e+00	-1.2288e+00	-3.8170e-01	-1.1699e+00
2.5422e+02	1.6813e+00	1.1004e+00	-7.9590e-01	1.5311e+00	-1.2272e+00	-3.8170e-01	-1.1710e+00
2.5422e+02	1.6812e+00	1.0999e+00	-7.9670e-01	1.5355e+00	-1.2258e+00	-3.8170e-01	-1.1721e+00
2.5422e+02	1.6811e+00	1.0994e+00	-7.9750e-01	1.5398e+00	-1.2244e+00	-3.8170e-01	-1.1731e+00
2.5423e+02	1.6811e+00	1.0989e+00	-7.9830e-01	1.5441e+00	-1.2232e+00	-3.8170e-01	-1.1740e+00
2.5423e+02	1.6810e+00	1.0984e+00	-7.9910e-01	1.5483e+00	-1.2220e+00	-3.8170e-01	-1.1749e+00
2.5423e+02	1.6810e+00	1.0978e+00	-7.9990e-01	1.5522e+00	-1.2210e+00	-3.8180e-01	-1.1757e+00
2.5423e+02	1.6810e+00	1.0972e+00	-8.0070e-01	1.5561e+00	-1.2199e+00	-3.8190e-01	-1.1764e+00
2.5423e+02	1.6810e+00	1.0965e+00	-8.0160e-01	1.5600e+00	-1.2188e+00	-3.8210e-01	-1.1771e+00
2.5424e+02	1.6809e+00	1.0958e+00	-8.0250e-01	1.5636e+00	-1.2178e+00	-3.8240e-01	-1.1777e+00
2.5424e+02	1.6809e+00	1.0950e+00	-8.0350e-01	1.5672e+00	-1.2167e+00	-3.8280e-01	-1.1782e+00
2.5424e+02	1.6810e+00	1.0942e+00	-8.0450e-01	1.5707e+00	-1.2157e+00	-3.8330e-01	-1.1787e+00
2.5424e+02	1.6810e+00	1.0934e+00	-8.0560e-01	1.5741e+00	-1.2149e+00	-3.8380e-01	-1.1792e+00
2.5424e+02	1.6810e+00	1.0926e+00	-8.0670e-01	1.5774e+00	-1.2140e+00	-3.8440e-01	-1.1797e+00
2.5425e+02	1.6810e+00	1.0918e+00	-8.0780e-01	1.5806e+00	-1.2133e+00	-3.8490e-01	-1.1802e+00
2.5425e+02	1.6810e+00	1.0909e+00	-8.0910e-01	1.5837e+00	-1.2127e+00	-3.8530e-01	-1.1807e+00
2.5425e+02	1.6811e+00	1.0901e+00	-8.1030e-01	1.5868e+00	-1.2122e+00	-3.8580e-01	-1.1813e+00
2.5425e+02	1.6811e+00	1.0892e+00	-8.1150e-01	1.5897e+00	-1.2119e+00	-3.8610e-01	-1.1819e+00
2.5425e+02	1.6812e+00	1.0884e+00	-8.1270e-01	1.5924e+00	-1.2118e+00	-3.8640e-01	-1.1825e+00
2.5426e+02	1.6814e+00	1.0875e+00	-8.1400e-01	1.5952e+00	-1.2117e+00	-3.8660e-01	-1.1832e+00
2.5426e+02	1.6815e+00	1.0866e+00	-8.1510e-01	1.5978e+00	-1.2117e+00	-3.8670e-01	-1.1840e+00
2.5426e+02	1.6817e+00	1.0856e+00	-8.1640e-01	1.6002e+00	-1.2118e+00	-3.8680e-01	-1.1849e+00
2.5426e+02	1.6819e+00	1.0846e+00	-8.1760e-01	1.6026e+00	-1.2119e+00	-3.8680e-01	-1.1859e+00
2.5426e+02	1.6822e+00	1.0836e+00	-8.1880e-01	1.6049e+00	-1.2121e+00	-3.8680e-01	-1.1870e+00
2.5427e+02	1.6824e+00	1.0826e+00	-8.2010e-01	1.6071e+00	-1.2123e+00	-3.8670e-01	-1.1882e+00
2.5427e+02	1.6828e+00	1.0816e+00	-8.2130e-01	1.6092e+00	-1.2126e+00	-3.8670e-01	-1.1896e+00
2.5427e+02	1.6831e+00	1.0805e+00	-8.2250e-01	1.6112e+00	-1.2128e+00	-3.8660e-01	-1.1910e+00
2.5427e+02	1.6834e+00	1.0795e+00	-8.2380e-01	1.6131e+00	-1.2130e+00	-3.8660e-01	-1.1925e+00
2.5427e+02	1.6838e+00	1.0784e+00	-8.2510e-01	1.6150e+00	-1.2131e+00	-3.8660e-01	-1.1942e+00
2.5428e+02	1.6842e+00	1.0774e+00	-8.2630e-01	1.6168e+00	-1.2132e+00	-3.8660e-01	-1.1959e+00
2.5428e+02	1.6846e+00	1.0763e+00	-8.2760e-01	1.6185e+00	-1.2133e+00	-3.8660e-01	-1.1977e+00
2.5428e+02	1.6850e+00	1.0751e+00	-8.2890e-01	1.6202e+00	-1.2134e+00	-3.8660e-01	-1.1996e+00
2.5428e+02	1.6855e+00	1.0740e+00	-8.3020e-01	1.6217e+00	-1.2135e+00	-3.8660e-01	-1.2015e+00
2.5428e+02	1.6859e+00	1.0728e+00	-8.3150e-01	1.6231e+00	-1.2134e+00	-3.8650e-01	-1.2036e+00
2.5429e+02	1.6863e+00	1.0716e+00	-8.3280e-01	1.6246e+00	-1.2134e+00	-3.8640e-01	-1.2059e+00
2.5429e+02	1.6868e+00	1.0704e+00	-8.3400e-01	1.6259e+00	-1.2134e+00	-3.8620e-01	-1.2083e+00
2.5429e+02	1.6873e+00	1.0691e+00	-8.3540e-01	1.6272e+00	-1.2133e+00	-3.8610e-01	-1.2109e+00
2.5429e+02	1.6877e+00	1.0679e+00	-8.3670e-01	1.6285e+00	-1.2134e+00	-3.8600e-01	-1.2135e+00
2.5429e+02	1.6882e+00	1.0666e+00	-8.3800e-01	1.6297e+00	-1.2134e+00	-3.8600e-01	-1.2161e+00
2.5430e+02	1.6887e+00	1.0653e+00	-8.3940e-01	1.6307e+00	-1.2135e+00	-3.8590e-01	-1.2188e+00
2.5430e+02	1.6892e+00	1.0641e+00	-8.4070e-01	1.6318e+00	-1.2135e+00	-3.8580e-01	-1.2214e+00
2.5430e+02	1.6897e+00	1.0628e+00	-8.4200e-01	1.6328e+00	-1.2135e+00	-3.8580e-01	-1.2239e+00
2.5430e+02	1.6903e+00	1.0614e+00	-8.4330e-01	1.6338e+00	-1.2134e+00	-3.8570e-01	-1.2264e+00
2.5430e+02	1.6909e+00	1.0601e+00	-8.4470e-01	1.6348e+00	-1.2133e+00	-3.8570e-01	-1.2287e+00
2.5431e+02	1.6915e+00	1.0587e+00	-8.4600e-01	1.6357e+00	-1.2133e+00	-3.8570e-01	-1.2310e+00
2.5431e+02	1.6921e+00	1.0573e+00	-8.4730e-01	1.6365e+00	-1.2132e+00	-3.8580e-01	-1.2332e+00
2.5431e+02	1.6927e+00	1.0559e+00	-8.4860e-01	1.6373e+00	-1.2132e+00	-3.8580e-01	-1.2352e+00
2.5431e+02	1.6934e+00	1.0545e+00	-8.4990e-01	1.6380e+00	-1.2131e+00	-3.8590e-01	-1.2371e+00
2.5431e+02	1.6941e+00	1.0530e+00	-8.5130e-01	1.6388e+00	-1.2132e+00	-3.8600e-01	-1.2387e+00
2.5432e+02	1.6948e+00	1.0516e+00	-8.5270e-01	1.6395e+00	-1.2132e+00	-3.8610e-01	-1.2402e+00
2.5432e+02	1.6956e+00	1.0501e+00	-8.5400e-01	1.6403e+00	-1.2131e+00	-3.8620e-01	-1.2416e+00
2.5432e+02	1.6963e+00	1.0485e+00	-8.5540e-01	1.6410e+00	-1.2131e+00	-3.8630e-01	-1.2427e+00
2.5432e+02	1.6971e+00	1.0470e+00	-8.5680e-01	1.6417e+00	-1.2130e+00	-3.8630e-01	-1.2438e+00
2.5432e+02	1.6980e+00	1.0455e+00	-8.5800e-01	1.6424e+00	-1.2130e+00	-3.8640e-01	-1.2448e+00
2.5433e+02	1.6988e+00	1.0439e+00	-8.5940e-01	1.6430e+00	-1.2129e+00	-3.8640e-01	-1.2458e+00
2.5433e+02	1.6996e+00	1.0422e+00	-8.6070e-01	1.6436e+00	-1.2128e+00	-3.8650e-01	-1.2466e+00
2.5433e+02	1.7005e+00	1.0406e+00	-8.6200e-01	1.6442e+00	-1.2126e+00	-3.8660e-01	-1.2474e+00
2.5433e+02	1.7014e+00	1.0390e+00	-8.6340e-01	1.6448e+00	-1.2125e+00	-3.8660e-01	-1.2481e+00
2.5433e+02	1.7023e+00	1.0374e+00	-8.6470e-01	1.6454e+00	-1.2124e+00	-3.8670e-01	-1.2487e+00
2.5434e+02	1.7032e+00	1.0357e+00	-8.6600e-01	1.6460e+00	-1.2123e+00	-3.8670e-01	-1.2493e+00
2.5434e+02	1.7041e+00	1.0341e+00	-8.6740e-01	1.6466e+00	-1.2123e+00	-3.8670e-01	-1.2497e+00
2.5434e+02	1.7050e+00	1.0324e+00	-8.6870e-01	1.6472e+00	-1.2122e+00	-3.8680e-01	-1.2501e+00
2.5434e+02	1.7059e+00	1.0307e+00	-8.7000e-01	1.6478e+00	-1.2121e+00	-3.8690e-01	-1.2504e+00
2.5434e+02	1.7069e+00	1.0290e+00	-8.7140e-01	1.6483e+00	-1.2120e+00	-3.8690e-01	-1.2507e+00
2.5435e+02	1.7078e+00	1.0272e+00	-8.7280e-01	1.6487e+00	-1.2118e+00	-3.8700e-01	-1.2509e+00
2.5435e+02	1.7089e+00	1.0255e+00	-8.7400e-01	1.6492e+00	-1.2117e+00	-3.8710e-01	-1.2511e+00
2.5435e+02	1.7099e+00	1.0237e+00	-8.7540e-01	1.6496e+00	-1.2115e+00	-3.8710e-01	-1.2513e+00
2.5435e+02	1.7109e+00	1.0219e+00	-8.7680e-01	1.6501e+00	-1.2114e+00	-3.8710e-01	-1.2515e+00
2.5435e+02	1.7121e+00	1.0201e+00	-8.7810e-01	1.6505e+00	-1.2114e+00	-3.8700e-01	-1.2518e+00
2.5436e+02	1.7132e+00	1.0183e+00	-8.7950e-01	1.6508e+00	-1.2114e+00	-3.8690e-01	-1.2520e+00
2.5436e+02	1.7143e+00	1.0165e+00	-8.8070e-01	1.6512e+00	-1.2114e+00	-3.8690e-01	-1.2523e+00
2.5436e+02	1.7154e+00	1.0147e+00	-8.8200e-01	1.6515e+00	-1.2114e+00	-3.8680e-01	-1.2526e+00
2.5436e+02	1.7166e+00	1.0128e+00	-8.8330e-01	1.6518e+00	-1.2114e+00	-3.8670e-01	-1.2529e+00
2.5436e+02	1.7178e+00	1.0110e+00	-8.8460e-01	1.6521e+00	-1.2114e+00	-3.8660e-01	-1.2533e+00
2.5437e+02	1.7190e+00	1.0092e+00	-8.8580e-01	1.6524e+00	-1.2114e+00	-3.8650e-01	-1.2537e+00
2.5437e+02	1.7202e+00	1.0073e+00	-8.8720e-01	1.6526e+00	-1.2114e+00	-3.8630e-01	-1.2542e+00
2.5437e+02	1.7213e+00	1.0054e+00	-8.8840e-01	1.6528e+00	-1.2114e+00	-3.8620e-01	-1.2546e+00
2.5437e+02	1.7226e+00	1.0035e+00	-8.8970e-01	1.6529e+00	-1.2115e+00	-3.8610e-01	-1.2551e+00
2.5437e+02	1.7238e+00	1.0016e+00	-8.9100e-01	1.6530e+00	-1.2115e+00	-3.8590e-01	-1.2555e+00
2.5438e+02	1.7251e+00	9.9970e-01	-8.9240e-01	1.6531e+00	-1.2114e+00	-3.8570e-01	-1.2560e+00
2.5438e+02	1.7263e+00	9.9780e-01	-8.9380e-01	1.6532e+00	-1.2114e+00	-3.8550e-01	-1.2565e+00
2.5438e+02	1.7276e+00	9.9580e-01	-8.9520e-01	1.6532e+00	-1.2114e+00	-3.8530e-01	-1.2570e+00
2.5438e+02	1.7289e+00	9.9390e-01	-8.9650e-01	1.6532e+00	-1.2115e+00	-3.8500e-01	-1.2575e+00
2.5438e+02	1.7302e+00	9.9200e-01	-8.9770e-01	1.6532e+00	-1.2116e+00	-3.8470e-01	-1.2580e+00
2.5439e+02	1.7315e+00	9.9000e-01	-8.9910e-01	1.6532e+00	-1.2117e+00	-3.8450e-01	-1.2584e+00
2.5439e+02	1.7328e+00	9.8800e-01	-9.0050e-01	1.6532e+00	-1.2119e+00	-3.8430e-01	-1.2589e+00
2.5439e+02	1.7342e+00	9.8610e-01	-9.0180e-01	1.6532e+00	-1.2120e+00	-3.8410e-01	-1.2593e+00
2.5439e+02	1.7356e+00	9.8400e-01	-9.0330e-01	1.6532e+00	-1.2121e+00	-3.8400e-01	-1.2598e+00
2.5439e+02	1.7369e+00	9.8200e-01	-9.0470e-01	1.6532e+00	-1.2122e+00	-3.8380e-01	-1.2603e+00
2.5440e+02	1.7383e+00	9.8000e-01	-9.0600e-01	1.6531e+00	-1.2122e+00	-3.8360e-01	-1.2608e+00
2.5440e+02	1.7397e+00	9.7800e-01	-9.0750e-01	1.6531e+00	-1.2122e+00	-3.8350e-01	-1.2613e+00
2.5440e+02	1.7412e+00	9.7590e-01	-9.0900e-01	1.6531e+00	-1.2121e+00	-3.8330e-01	-1.2617e+00
2.5440e+02	1.7427e+00	9.7380e-01	-9.1050e-01	1.6531e+00	-1.2121e+00	-3.8320e-01	-1.2622e+00
2.5440e+02	1.7442e+00	9.7170e-01	-9.1200e-01	1.6530e+00	-1.2120e+00	-3.8300e-01	-1.2626e+00
2.5441e+02	1.7456e+00	9.6970e-01	-9.1340e-01	1.6529e+00	-1.2119e+00	-3.8290e-01	-1.2630e+00
2.5441e+02	1.7472e+00	9.6760e-01	-9.1480e-01	1.6529e+00	-1.2118e+00	-3.8280e-01	-1.2633e+00
2.5441e+02	1.7488e+00	9.6540e-01	-9.1640e-01	1.6528e+00	-1.2116e+00	-3.8270e-01	-1.2636e+00
2.5441e+02	1.7504e+00	9.6330e-01	-9.1790e-01	1.6528e+00	-1.2115e+00	-3.8260e-01	-1.2639e+00
2.5441e+02	1.7520e+00	9.6130e-01	-9.1930e-01	1.6527e+00	-1.2114e+00	-3.8250e-01	-1.2641e+00
2.5442e+02	1.7536e+00	9.5910e-01	-9.2080e-01	1.6527e+00	-1.2113e+00	-3.8250e-01	-1.2642e+00
2.5442e+02	1.7552e+00	9.5700e-01	-9.2230e-01	1.6527e+00	-1.2111e+00	-3.8240e-01	-1.2643e+00
2.5442e+02	1.7568e+00	9.5490e-01	-9.2380e-01	1.6527e+00	-1.2110e+00	-3.8240e-01	-1.2643e+00
2.5442e+02	1.7584e+00	9.5270e-01	-9.2530e-01	1.6527e+00	-1.2108e+00	-3.8240e-01	-1.2643e+00
2.5442e+02	1.7601e+00	9.5050e-01	-9.2690e-01	1.6526e+00	-1.2107e+00	-3.8240e-01	-1.2642e+00
2.5443e+02	1.7618e+00	9.4840e-01	-9.2840e-01	1.6526e+00	-1.2106e+00	-3.8240e-01	-1.2642e+00
2.5443e+02	1.7635e+00	9.4620e-01	-9.3000e-01	1.6525e+00	-1.2104e+00	-3.8230e-01	-1.2641e+00
2.5443e+02	1.7651e+00	9.4400e-01	-9.3150e-01	1.6525e+00	-1.2101e+00	-3.8220e-01	-1.2639e+00
2.5443e+02	1.7669e+00	9.4180e-01	-9.3300e-01	1.6525e+00	-1.2099e+00	-3.8210e-01	-1.2638e+00
2.5443e+02	1.7686e+00	9.3960e-01	-9.3450e-01	1.6525e+00	-1.2096e+00	-3.8190e-01	-1.2637e+00
2.5444e+02	1.7703e+00	9.3740e-01	-9.3610e-01	1.6525e+00	-1.2093e+00	-3.8180e-01	-1.2636e+00
2.5444e+02	1.7721e+00	9.3520e-01	-9.3750e-01	1.6524e+00	-1.2089e+00	-3.8160e-01	-1.2635e+00
2.5444e+02	1.7739e+00	9.3300e-01	-9.3910e-01	1.6524e+00	-1.2085e+00	-3.8130e-01	-1.2635e+00
2.5444e+02	1.7756e+00	9.3070e-01	-9.4060e-01	1.6523e+00	-1.2080e+00	-3.8110e-01	-1.2635e+00
2.5444e+02	1.7774e+00	9.2850e-01	-9.4210e-01	1.6522e+00	-1.2076e+00	-3.8070e-01	-1.2635e+00
2.5445e+02	1.7793e+00	9.2620e-01	-9.4360e-01	1.6522e+00	-1.2071e+00	-3.8030e-01	-1.2635e+00
2.5445e+02	1.7811e+00	9.2390e-01	-9.4510e-01	1.6522e+00	-1.2067e+00	-3.7990e-01	-1.2635e+00
2.5445e+02	1.7830e+00	9.2160e-01	-9.4660e-01	1.6522e+00	-1.2062e+00	-3.7940e-01	-1.2635e+00
2.5445e+02	1.7848e+00	9.1930e-01	-9.4820e-01	1.6522e+00	-1.2058e+00	-3.7900e-01	-1.2634e+00
2.5445e+02	1.7866e+00	9.1710e-01	-9.4970e-01	1.6521e+00	-1.2053e+00	-3.7850e-01	-1.2634e+00
2.5446e+02	1.7885e+00	9.1480e-01	-9.5120e-01	1.6521e+00	-1.2047e+00	-3.7800e-01	-1.2634e+00
2.5446e+02	1.7904e+00	9.1240e-01	-9.5280e-01	1.6520e+00	-1.2041e+00	-3.7750e-01	-1.2634e+00
2.5446e+02	1.7922e+00	9.1010e-01	-9.5440e-01	1.6520e+00	-1.2035e+00	-3.7690e-01	-1.2633e+00
2.5446e+02	1.7942e+00	9.0780e-01	-9.5580e-01	1.6519e+00	-1.2030e+00	-3.7630e-01	-1.2633e+00
2.5446e+02	1.7961e+00	9.0540e-01	-9.5740e-01	1.6519e+00	-1.2024e+00	-3.7560e-01	-1.2633e+00
2.5447e+02	1.7980e+00	9.0310e-01	-9.5900e-01	1.6518e+00	-1.2019e+00	-3.7490e-01	-1.2633e+00
2.5447e+02	1.7999e+00	9.0080e-01	-9.6050e-01	1.6517e+00	-1.2013e+00	-3.7420e-01	-1.2633e+00
2.5447e+02	1.8018e+00	8.9840e-01	-9.6210e-01	1.6516e+00	-1.2008e+00	-3.7350e-01	-1.2632e+00
2.5447e+02	1.8037e+00	8.9600e-01	-9.6370e-01	1.6515e+00	-1.2003e+00	-3.7290e-01	-1.2633e+00
2.5447e+02	1.8057e+00	8.9370e-01	-9.6540e-01	1.6515e+00	-1.1998e+00	-3.7220e-01	-1.2633e+00
2.5448e+02	1.8077e+00	8.9130e-01	-9.6700e-01	1.6513e+00	-1.1992e+00	-3.7150e-01	-1.2633e+00
2.5448e+02	1.8096e+00	8.8890e-01	-9.6870e-01	1.6512e+00	-1.1985e+00	-3.7080e-01	-1.2634e+00
2.5448e+02	1.8116e+00	8.8660e-01	-9.7030e-01	1.6511e+00	-1.1978e+00	-3.7000e-01	-1.2636e+00
2.5448e+02	1.8136e+00	8.8410e-01	-9.7200e-01	1.6509e+00	-1.1973e+00	-3.6930e-01	-1.2637e+00
2.5448e+02	1.8156e+00	8.8180e-01	-9.7370e-01	1.6508e+00	-1.1968e+00	-3.6860e-01	-1.2638e+00
2.5449e+02	1.8177e+00	8.7940e-01	-9.7520e-01	1.6507e+00	-1.1963e+00	-3.6790e-01	-1.2638e+00
2.5449e+02	1.8197e+00	8.7700e-01	-9.7690e-01	1.6506e+00	-1.1958e+00	-3.6720e-01	-1.2638e+00
2.5449e+02	1.8217e+00	8.7470e-01	-9.7860e-01	1.6504e+00	-1.1953e+00	-3.6650e-01	-1.2638e+00
2.5449e+02	1.8237e+00	8.7240e-01	-9.8030e-01	1.6502e+00	-1.1947e+00	-3.6580e-01	-1.2639e+00
2.5449e+02	1.8257e+00	8.7000e-01	-9.8210e-01	1.6501e+00	-1.1940e+00	-3.6500e-01	-1.2639e+00
2.5450e+02	1.8278e+00	8.6770e-01	-9.8390e-01	1.6499e+00	-1.1933e+00	-3.6430e-01	-1.2639e+00
2.5450e+02	1.8299e+00	8.6530e-01	-9.8560e-01	1.6498e+00	-1.1925e+00	-3.6350e-01	-1.2640e+00
2.5450e+02	1.8319e+00	8.6290e-01	-9.8740e-01	1.6496e+00	-1.1918e+00	-3.6270e-01	-1.2641e+00
2.5450e+02	1.8340e+00	8.6060e-01	-9.8920e-01	1.6495e+00	-1.1910e+00	-3.6190e-01	-1.2641e+00
2.5450e+02	1.8361e+00	8.5830e-01	-9.9090e-01	1.6494e+00	-1.1903e+00	-3.6120e-01	-1.2642e+00
2.5451e+02	1.8382e+00	8.5590e-01	-9.9280e-01	1.6493e+00	-1.1896e+00	-3.6050e-01	-1.2643e+00
2.5451e+02	1.8402e+00	8.5350e-01	-9.9470e-01	1.6492e+00	-1.1888e+00	-3.5980e-01	-1.2643e+00
2.5451e+02	1.8424e+00	8.5120e-01	-9.9640e-01	1.6491e+00	-1.1881e+00	-3.5910e-01	-1.2644e+00
2.5451e+02	1.8445e+00	8.4880e-01	-9.9830e-01	1.6490e+00	-1.1873e+00	-3.5830e-01	-1.2644e+00
2.5451e+02	1.8466e+00	8.4640e-01	-1.0001e+00	1.6488e+00	-1.1865e+00	-3.5750e-01	-1.2644e+00
2.5452e+02	1.8488e+00	8.4410e-01	-1.0019e+00	1.6488e+00	-1.1857e+00	-3.5670e-01	-1.2645e+00
2.5452e+02	1.8510e+00	8.4160e-01	-1.0039e+00	1.6487e+00	-1.1847e+00	-3.5590e-01	-1.2645e+00
2.5452e+02	1.8532e+00	8.3930e-01	-1.0058e+00	1.6486e+00	-1.1838e+00	-3.5500e-01	-1.2645e+00
2.5452e+02	1.8554e+00	8.3690e-01	-1.0076e+00	1.6486e+00	-1.1828e+00	-3.5410e-01	-1.2645e+00
2.5452e+02	1.8576e+00	8.3450e-01	-1.0096e+00	1.6485e+00	-1.1818e+00	-3.5320e-01	-1.2645e+00
2.5453e+02	1.8598e+00	8.3210e-01	-1.0114e+00	1.6485e+00	-1.1808e+00	-3.5230e-01	-1.2645e+00
2.5453e+02	1.8620e+00	8.2970e-01	-1.0133e+00	1.6484e+00	-1.1799e+00	-3.5150e-01	-1.2645e+00
2.5453e+02	1.8642e+00	8.2730e-01	-1.0153e+00	1.6483e+00	-1.1790e+00	-3.5080e-01	-1.2644e+00
2.5453e+02	1.8665e+00	8.2490e-01	-1.0173e+00	1.6482e+00	-1.1782e+00	-3.5010e-01	-1.2644e+00
2.5453e+02	1.8688e+00	8.2250e-01	-1.0192e+00	1.6481e+00	-1.1775e+00	-3.4950e-01	-1.2643e+00
2.5454e+02	1.8710e+00	8.2010e-01	-1.0212e+00	1.6481e+00	-1.1769e+00	-3.4900e-01	-1.2643e+00
2.5454e+02	1.8733e+00	8.1770e-01	-1.0233e+00	1.6480e+00	-1.1763e+00	-3.4850e-01	-1.2642e+00
2.5454e+02	1.8757e+00	8.1530e-01	-1.0253e+00	1.6478e+00	-1.1758e+00	-3.4800e-01	-1.2642e+00
2.5454e+02	1.8780e+00	8.1290e-01	-1.0275e+00	1.6477e+00	-1.1753e+00	-3.4740e-01	-1.2642e+00
2.5454e+02	1.8803e+00	8.1050e-01	-1.0295e+00	1.6476e+00	-1.1749e+00	-3.4680e-01	-1.2642e+00
2.5455e+02	1.8828e+00	8.0810e-01	-1.0316e+00	1.6474e+00	-1.1744e+00	-3.4620e-01	-1.2643e+00
2.5455e+02	1.8852e+00	8.0570e-01	-1.0337e+00	1.6472e+00	-1.1741e+00	-3.4560e-01	-1.2644e+00
2.5455e+02	1.8877e+00	8.0340e-01	-1.0358e+00	1.6471e+00	-1.1737e+00	-3.4500e-01	-1.2645e+00
2.5455e+02	1.8901e+00	8.0110e-01	-1.0379e+00	1.6469e+00	-1.1733e+00	-3.4440e-01	-1.2647e+00
2.5455e+02	1.8924e+00	7.9870e-01	-1.0402e+00	1.6468e+00	-1.1729e+00	-3.4380e-01	-1.2649e+00
2.5456e+02	1.8949e+00	7.9630e-01	-1.0424e+00	1.6467e+00	-1.1726e+00	-3.4310e-01	-1.2651e+00
2.5456e+02	1.8974e+00	7.9400e-01	-1.0446e+00	1.6466e+00	-1.1723e+00	-3.4240e-01	-1.2654e+00
2.5456e+02	1.8999e+00	7.9170e-01	-1.0469e+00	1.6465e+00	-1.1721e+00	-3.4180e-01	-1.2656e+00
2.5456e+02	1.9024e+00	7.8940e-01	-1.0491e+00	1.6464e+00	-1.1719e+00	-3.4120e-01	-1.2659e+00
2.5456e+02	1.9050e+00	7.8710e-01	-1.0512e+00	1.6463e+00	-1.1717e+00	-3.4070e-01	-1.2663e+00
2.5457e+02	1.9075e+00	7.8480e-01	-1.0536e+00	1.6461e+00	-1.1716e+00	-3.4020e-01	-1.2666e+00
2.5457e+02	1.9100e+00	7.8250e-01	-1.0558e+00	1.6460e+00	-1.1714e+00	-3.3980e-01	-1.2670e+00
2.5457e+02	1.9126e+00	7.8030e-01	-1.0580e+00	1.6459e+00	-1.1713e+00	-3.3940e-01	-1.2673e+00
2.5457e+02	1.9152e+00	7.7800e-01	-1.0604e+00	1.6459e+00	-1.1712e+00	-3.3900e-01	-1.2677e+00
2.5457e+02	1.9177e+00	7.7570e-01	-1.0627e+00	1.6458e+00	-1.1710e+00	-3.3870e-01	-1.2680e+00
2.5458e+02	1.9204e+00	7.7350e-01	-1.0649e+00	1.6457e+00	-1.1710e+00	-3.3850e-01	-1.2684e+00
2.5458e+02	1.9230e+00	7.7120e-01	-1.0674e+00	1.6457e+00	-1.1709e+00	-3.3830e-01	-1.2687e+00
2.5458e+02	1.9255e+00	7.6890e-01	-1.0697e+00	1.6456e+00	-1.1709e+00	-3.3810e-01	-1.2690e+00
2.5458e+02	1.9281e+00	7.6670e-01	-1.0720e+00	1.6456e+00	-1.1709e+00	-3.3790e-01	-1.2693e+00
2.5458e+02	1.9308e+00	7.6450e-01	-1.0745e+00	1.6456e+00	-1.1710e+00	-3.3780e-01	-1.2695e+00
2.5459e+02	1.9335e+00	7.6220e-01	-1.0769e+00	1.6455e+00	-1.1710e+00	-3.3770e-01	-1.2698e+00
2.5459e+02	1.9360e+00	7.6000e-01	-1.0794e+00	1.6455e+00	-1.1711e+00	-3.3760e-01	-1.2699e+00
2.5459e+02	1.9385e+00	7.5770e-01	-1.0820e+00	1.6455e+00	-1.1711e+00	-3.3760e-01	-1.2701e+00
2.5459e+02	1.9412e+00	7.5550e-01	-1.0843e+00	1.6455e+00	-1.1712e+00	-3.3760e-01	-1.2702e+00
2.5459e+02	1.9438e+00	7.5330e-01	-1.0868e+00	1.6455e+00	-1.1714e+00	-3.3760e-01	-1.2703e+00
2.5460e+02	1.9465e+00	7.5110e-01	-1.0894e+00	1.6456e+00	-1.1714e+00	-3.3750e-01	-1.2703e+00
2.5460e+02	1.9491e+00	7.4890e-01	-1.0919e+00	1.6456e+00	-1.1715e+00	-3.3750e-01	-1.2703e+00
2.5460e+02	1.9518e+00	7.4670e-01	-1.0943e+00	1.6456e+00	-1.1716e+00	-3.3750e-01	-1.2703e+00
2.5460e+02	1.9545e+00	7.4450e-01	-1.0969e+00	1.6456e+00	-1.1716e+00	-3.3750e-01	-1.2703e+00
2.5460e+02	1.9572e+00	7.4230e-01	-1.0994e+00	1.6457e+00	-1.1715e+00	-3.3750e-01	-1.2702e+00
2.5461e+02	1.9599e+00	7.4020e-01	-1.1018e+00	1.6457e+00	-1.1715e+00	-3.3750e-01	-1.2701e+00
2.5461e+02	1.9624e+00	7.3800e-01	-1.1044e+00	1.6458e+00	-1.1715e+00	-3.3740e-01	-1.2700e+00
2.5461e+02	1.9651e+00	7.3580e-01	-1.1070e+00	1.6459e+00	-1.1715e+00	-3.3730e-01	-1.2699e+00
2.5461e+02	1.9679e+00	7.3370e-01	-1.1095e+00	1.6459e+00	-1.1714e+00	-3.3730e-01	-1.2697e+00
2.5461e+02	1.9707e+00	7.3150e-01	-1.1121e+00	1.6459e+00	-1.1713e+00	-3.3720e-01	-1.2695e+00
2.5462e+02	1.9735e+00	7.2950e-01	-1.1145e+00	1.6459e+00	-1.1712e+00	-3.3720e-01	-1.2693e+00
2.5462e+02	1.9761e+00	7.2740e-01	-1.1170e+00	1.6459e+00	-1.1712e+00	-3.3720e-01	-1.2691e+00
2.5462e+02	1.9787e+00	7.2530e-01	-1.1196e+00	1.6460e+00	-1.1711e+00	-3.3720e-01	-1.2688e+00
2.5462e+02	1.9814e+00	7.2330e-01	-1.1220e+00	1.6461e+00	-1.1711e+00	-3.3720e-01	-1.2686e+00
2.5462e+02	1.9842e+00	7.2120e-01	-1.1245e+00	1.6461e+00	-1.1710e+00	-3.3710e-01	-1.2684e+00
2.5463e+02	1.9870e+00	7.1910e-01	-1.1271e+00	1.6461e+00	-1.1708e+00	-3.3700e-01	-1.2683e+00
2.5463e+02	1.9897e+00	7.1710e-01	-1.1297e+00	1.6461e+00	-1.1707e+00	-3.3700e-01	-1.2682e+00
2.5463e+02	1.9925e+00	7.1510e-01	-1.1321e+00	1.6461e+00	-1.1705e+00	-3.3690e-01	-1.2681e+00
2.5463e+02	1.9953e+00	7.1300e-01	-1.1347e+00	1.6461e+00	-1.1705e+00	-3.3690e-01	-1.2681e+00
2.5463e+02	1.9981e+00	7.1090e-01	-1.1373e+00	1.6461e+00	-1.1704e+00	-3.3690e-01	-1.2681e+00
2.5464e+02	2.0009e+00	7.0890e-01	-1.1398e+00	1.6461e+00	-1.1704e+00	-3.3700e-01	-1.2681e+00
2.5464e+02	2.0036e+00	7.0690e-01	-1.1424e+00	1.6461e+00	-1.1703e+00	-3.3690e-01	-1.2680e+00
2.5464e+02	2.0064e+00	7.0490e-01	-1.1449e+00	1.6460e+00	-1.1702e+00	-3.3690e-01	-1.2679e+00
2.5464e+02	2.0092e+00	7.0300e-01	-1.1474e+00	1.6460e+00	-1.1701e+00	-3.3690e-01	-1.2678e+00
2.5464e+02	2.0119e+00	7.0100e-01	-1.1501e+00	1.6460e+00	-1.1701e+00	-3.3690e-01	-1.2675e+00
2.5465e+02	2.0146e+00	6.9900e-01	-1.1526e+00	1.6460e+00	-1.1700e+00	-3.3680e-01	-1.2671e+00
2.5465e+02	2.0174e+00	6.9710e-01	-1.1552e+00	1.6459e+00	-1.1699e+00	-3.3680e-01	-1.2667e+00
2.5465e+02	2.0202e+00	6.9520e-01	-1.1579e+00	1.6458e+00	-1.1698e+00	-3.3670e-01	-1.2664e+00
2.5465e+02	2.0229e+00	6.9320e-01	-1.1606e+00	1.6458e+00	-1.1695e+00	-3.3650e-01	-1.2660e+00
2.5465e+02	2.0257e+00	6.9130e-01	-1.1631e+00	1.6457e+00	-1.1692e+00	-3.3640e-01	-1.2657e+00
