2.8984e+02	1.7039e+00	4.3400e-01	-7.0750e-01	1.2376e+00	-9.5760e-01	-3.6780e-01	-1.0741e+00
2.8985e+02	1.7027e+00	4.3730e-01	-7.0860e-01	1.2398e+00	-9.5490e-01	-3.7050e-01	-1.0742e+00
2.8985e+02	1.7016e+00	4.4060e-01	-7.0970e-01	1.2420e+00	-9.5220e-01	-3.7330e-01	-1.0743e+00
2.8985e+02	1.7004e+00	4.4400e-01	-7.1060e-01	1.2441e+00	-9.4950e-01	-3.7600e-01	-1.0744e+00
2.8985e+02	1.6992e+00	4.4740e-01	-7.1160e-01	1.2462e+00	-9.4660e-01	-3.7870e-01	-1.0745e+00
2.8985e+02	1.6979e+00	4.5070e-01	-7.1250e-01	1.2482e+00	-9.4380e-01	-3.8150e-01	-1.0745e+00
2.8986e+02	1.6967e+00	4.5410e-01	-7.1330e-01	1.2502e+00	-9.4100e-01	-3.8440e-01	-1.0745e+00
2.8986e+02	1.6954e+00	4.5760e-01	-7.1420e-01	1.2523e+00	-9.3810e-01	-3.8710e-01	-1.0746e+00
2.8986e+02	1.6941e+00	4.6120e-01	-7.1510e-01	1.2544e+00	-9.3530e-01	-3.8990e-01	-1.0745e+00
2.8986e+02	1.6929e+00	4.6470e-01	-7.1590e-01	1.2564e+00	-9.3250e-01	-3.9260e-01	-1.0745e+00
2.8986e+02	1.6916e+00	4.6830e-01	-7.1660e-01	1.2585e+00	-9.2970e-01	-3.9530e-01	-1.0745e+00
2.8987e+02	1.6902e+00	4.7190e-01	-7.1720e-01	1.2605e+00	-9.2690e-01	-3.9800e-01	-1.0745e+00
2.8987e+02	1.6889e+00	4.7560e-01	-7.1770e-01	1.2626e+00	-9.2410e-01	-4.0070e-01	-1.0744e+00
2.8987e+02	1.6875e+00	4.7930e-01	-7.1850e-01	1.2646e+00	-9.2110e-01	-4.0340e-01	-1.0745e+00
2.8987e+02	1.6861e+00	4.8300e-01	-7.1930e-01	1.2665e+00	-9.1820e-01	-4.0610e-01	-1.0745e+00
2.8987e+02	1.6847e+00	4.8680e-01	-7.1980e-01	1.2684e+00	-9.1530e-01	-4.0870e-01	-1.0746e+00
2.8988e+02	1.6833e+00	4.9080e-01	-7.2030e-01	1.2704e+00	-9.1240e-01	-4.1130e-01	-1.0747e+00
2.8988e+02	1.6818e+00	4.9460e-01	-7.2080e-01	1.2723e+00	-9.0960e-01	-4.1370e-01	-1.0747e+00
2.8988e+02	1.6804e+00	4.9850e-01	-7.2120e-01	1.2742e+00	-9.0670e-01	-4.1620e-01	-1.0748e+00
2.8988e+02	1.6789e+00	5.0260e-01	-7.2150e-01	1.2760e+00	-9.0380e-01	-4.1870e-01	-1.0748e+00
2.8988e+02	1.6774e+00	5.0660e-01	-7.2190e-01	1.2779e+00	-9.0090e-01	-4.2110e-01	-1.0748e+00
2.8989e+02	1.6760e+00	5.1070e-01	-7.2230e-01	1.2796e+00	-8.9820e-01	-4.2350e-01	-1.0748e+00
2.8989e+02	1.6744e+00	5.1490e-01	-7.2270e-01	1.2814e+00	-8.9540e-01	-4.2590e-01	-1.0748e+00
2.8989e+02	1.6729e+00	5.1900e-01	-7.2280e-01	1.2831e+00	-8.9250e-01	-4.2820e-01	-1.0747e+00
2.8989e+02	1.6714e+00	5.2310e-01	-7.2300e-01	1.2849e+00	-8.8980e-01	-4.3040e-01	-1.0747e+00
2.8989e+02	1.6698e+00	5.2750e-01	-7.2320e-01	1.2866e+00	-8.8710e-01	-4.3260e-01	-1.0747e+00
2.8990e+02	1.6682e+00	5.3180e-01	-7.2330e-01	1.2882e+00	-8.8450e-01	-4.3480e-01	-1.0747e+00
2.8990e+02	1.6667e+00	5.3620e-01	-7.2330e-01	1.2898e+00	-8.8190e-01	-4.3680e-01	-1.0747e+00
2.8990e+02	1.6650e+00	5.4070e-01	-7.2330e-01	1.2914e+00	-8.7930e-01	-4.3880e-01	-1.0747e+00
2.8990e+02	1.6634e+00	5.4500e-01	-7.2320e-01	1.2929e+00	-8.7670e-01	-4.4080e-01	-1.0746e+00
2.8990e+02	1.6618e+00	5.4940e-01	-7.2300e-01	1.2945e+00	-8.7420e-01	-4.4280e-01	-1.0746e+00
2.8991e+02	1.6601e+00	5.5400e-01	-7.2280e-01	1.2960e+00	-8.7170e-01	-4.4470e-01	-1.0745e+00
2.8991e+02	1.6584e+00	5.5850e-01	-7.2260e-01	1.2974e+00	-8.6930e-01	-4.4650e-01	-1.0744e+00
2.8991e+02	1.6568e+00	5.6300e-01	-7.2240e-01	1.2988e+00	-8.6680e-01	-4.4840e-01	-1.0744e+00
2.8991e+02	1.6551e+00	5.6760e-01	-7.2200e-01	1.3002e+00	-8.6440e-01	-4.5020e-01	-1.0744e+00
2.8991e+02	1.6533e+00	5.7220e-01	-7.2160e-01	1.3013e+00	-8.6210e-01	-4.5200e-01	-1.0744e+00
2.8992e+02	1.6516e+00	5.7670e-01	-7.2120e-01	1.3025e+00	-8.5970e-01	-4.5390e-01	-1.0745e+00
2.8992e+02	1.6498e+00	5.8140e-01	-7.2080e-01	1.3037e+00	-8.5750e-01	-4.5570e-01	-1.0746e+00
2.8992e+02	1.6481e+00	5.8620e-01	-7.2030e-01	1.3049e+00	-8.5530e-01	-4.5740e-01	-1.0747e+00
2.8992e+02	1.6463e+00	5.9090e-01	-7.1970e-01	1.3061e+00	-8.5320e-01	-4.5890e-01	-1.0748e+00
2.8992e+02	1.6445e+00	5.9580e-01	-7.1910e-01	1.3072e+00	-8.5120e-01	-4.6040e-01	-1.0748e+00
2.8993e+02	1.6427e+00	6.0060e-01	-7.1860e-01	1.3083e+00	-8.4930e-01	-4.6190e-01	-1.0748e+00
2.8993e+02	1.6409e+00	6.0540e-01	-7.1800e-01	1.3093e+00	-8.4750e-01	-4.6330e-01	-1.0748e+00
2.8993e+02	1.6390e+00	6.1050e-01	-7.1730e-01	1.3102e+00	-8.4570e-01	-4.6480e-01	-1.0747e+00
2.8993e+02	1.6371e+00	6.1550e-01	-7.1660e-01	1.3111e+00	-8.4400e-01	-4.6630e-01	-1.0747e+00
2.8993e+02	1.6353e+00	6.2040e-01	-7.1590e-01	1.3119e+00	-8.4230e-01	-4.6780e-01	-1.0746e+00
2.8994e+02	1.6333e+00	6.2560e-01	-7.1520e-01	1.3127e+00	-8.4070e-01	-4.6920e-01	-1.0746e+00
2.8994e+02	1.6314e+00	6.3090e-01	-7.1440e-01	1.3134e+00	-8.3930e-01	-4.7060e-01	-1.0746e+00
2.8994e+02	1.6296e+00	6.3620e-01	-7.1350e-01	1.3141e+00	-8.3810e-01	-4.7190e-01	-1.0745e+00
2.8994e+02	1.6276e+00	6.4150e-01	-7.1280e-01	1.3146e+00	-8.3700e-01	-4.7310e-01	-1.0745e+00
2.8994e+02	1.6257e+00	6.4670e-01	-7.1210e-01	1.3151e+00	-8.3590e-01	-4.7420e-01	-1.0745e+00
2.8995e+02	1.6238e+00	6.5200e-01	-7.1110e-01	1.3156e+00	-8.3500e-01	-4.7520e-01	-1.0744e+00
2.8995e+02	1.6218e+00	6.5760e-01	-7.1020e-01	1.3160e+00	-8.3400e-01	-4.7620e-01	-1.0744e+00
2.8995e+02	1.6198e+00	6.6310e-01	-7.0940e-01	1.3164e+00	-8.3300e-01	-4.7710e-01	-1.0745e+00
2.8995e+02	1.6178e+00	6.6850e-01	-7.0850e-01	1.3167e+00	-8.3210e-01	-4.7800e-01	-1.0745e+00
2.8995e+02	1.6157e+00	6.7420e-01	-7.0740e-01	1.3168e+00	-8.3120e-01	-4.7890e-01	-1.0746e+00
2.8996e+02	1.6138e+00	6.7970e-01	-7.0620e-01	1.3169e+00	-8.3040e-01	-4.7970e-01	-1.0747e+00
2.8996e+02	1.6117e+00	6.8520e-01	-7.0520e-01	1.3169e+00	-8.2970e-01	-4.8040e-01	-1.0747e+00
2.8996e+02	1.6096e+00	6.9090e-01	-7.0420e-01	1.3169e+00	-8.2910e-01	-4.8100e-01	-1.0748e+00
2.8996e+02	1.6076e+00	6.9660e-01	-7.0310e-01	1.3169e+00	-8.2860e-01	-4.8150e-01	-1.0748e+00
2.8996e+02	1.6055e+00	7.0220e-01	-7.0200e-01	1.3168e+00	-8.2810e-01	-4.8190e-01	-1.0748e+00
2.8997e+02	1.6034e+00	7.0800e-01	-7.0080e-01	1.3167e+00	-8.2790e-01	-4.8210e-01	-1.0748e+00
2.8997e+02	1.6013e+00	7.1380e-01	-6.9940e-01	1.3166e+00	-8.2770e-01	-4.8220e-01	-1.0747e+00
2.8997e+02	1.5993e+00	7.1960e-01	-6.9800e-01	1.3165e+00	-8.2770e-01	-4.8230e-01	-1.0747e+00
2.8997e+02	1.5971e+00	7.2560e-01	-6.9650e-01	1.3163e+00	-8.2770e-01	-4.8230e-01	-1.0747e+00
2.8997e+02	1.5951e+00	7.3140e-01	-6.9520e-01	1.3160e+00	-8.2770e-01	-4.8230e-01	-1.0747e+00
2.8998e+02	1.5930e+00	7.3730e-01	-6.9380e-01	1.3157e+00	-8.2780e-01	-4.8220e-01	-1.0747e+00
2.8998e+02	1.5909e+00	7.4350e-01	-6.9220e-01	1.3154e+00	-8.2780e-01	-4.8210e-01	-1.0748e+00
2.8998e+02	1.5889e+00	7.4950e-01	-6.9060e-01	1.3150e+00	-8.2790e-01	-4.8200e-01	-1.0749e+00
2.8998e+02	1.5869e+00	7.5540e-01	-6.8910e-01	1.3146e+00	-8.2800e-01	-4.8180e-01	-1.0750e+00
2.8998e+02	1.5848e+00	7.6160e-01	-6.8750e-01	1.3141e+00	-8.2820e-01	-4.8150e-01	-1.0750e+00
2.8999e+02	1.5827e+00	7.6760e-01	-6.8600e-01	1.3136e+00	-8.2840e-01	-4.8130e-01	-1.0751e+00
2.8999e+02	1.5807e+00	7.7370e-01	-6.8450e-01	1.3130e+00	-8.2850e-01	-4.8090e-01	-1.0751e+00
2.8999e+02	1.5786e+00	7.8000e-01	-6.8290e-01	1.3124e+00	-8.2880e-01	-4.8050e-01	-1.0751e+00
2.8999e+02	1.5766e+00	7.8600e-01	-6.8120e-01	1.3119e+00	-8.2910e-01	-4.8000e-01	-1.0751e+00
2.8999e+02	1.5746e+00	7.9210e-01	-6.7950e-01	1.3113e+00	-8.2950e-01	-4.7950e-01	-1.0750e+00
2.9000e+02	1.5726e+00	7.9830e-01	-6.7770e-01	1.3107e+00	-8.2990e-01	-4.7900e-01	-1.0750e+00
2.9000e+02	1.5706e+00	8.0450e-01	-6.7600e-01	1.3101e+00	-8.3030e-01	-4.7850e-01	-1.0749e+00
2.9000e+02	1.5687e+00	8.1060e-01	-6.7420e-01	1.3095e+00	-8.3070e-01	-4.7800e-01	-1.0748e+00
2.9000e+02	1.5667e+00	8.1700e-01	-6.7210e-01	1.3089e+00	-8.3100e-01	-4.7760e-01	-1.0747e+00
2.9000e+02	1.5647e+00	8.2320e-01	-6.7020e-01	1.3082e+00	-8.3130e-01	-4.7730e-01	-1.0746e+00
2.9001e+02	1.5628e+00	8.2930e-01	-6.6840e-01	1.3075e+00	-8.3150e-01	-4.7690e-01	-1.0746e+00
2.9001e+02	1.5608e+00	8.3560e-01	-6.6640e-01	1.3068e+00	-8.3180e-01	-4.7650e-01	-1.0746e+00
2.9001e+02	1.5590e+00	8.4200e-01	-6.6430e-01	1.3061e+00	-8.3200e-01	-4.7620e-01	-1.0746e+00
2.9001e+02	1.5571e+00	8.4830e-01	-6.6210e-01	1.3054e+00	-8.3230e-01	-4.7590e-01	-1.0746e+00
2.9001e+02	1.5552e+00	8.5470e-01	-6.6000e-01	1.3047e+00	-8.3250e-01	-4.7560e-01	-1.0746e+00
2.9002e+02	1.5533e+00	8.6100e-01	-6.5810e-01	1.3040e+00	-8.3280e-01	-4.7530e-01	-1.0746e+00
2.9002e+02	1.5515e+00	8.6730e-01	-6.5610e-01	1.3033e+00	-8.3290e-01	-4.7510e-01	-1.0745e+00
2.9002e+02	1.5497e+00	8.7380e-01	-6.5400e-01	1.3026e+00	-8.3300e-01	-4.7490e-01	-1.0744e+00
2.9002e+02	1.5478e+00	8.8010e-01	-6.5200e-01	1.3018e+00	-8.3300e-01	-4.7480e-01	-1.0742e+00
2.9002e+02	1.5460e+00	8.8640e-01	-6.4990e-01	1.3009e+00	-8.3300e-01	-4.7480e-01	-1.0738e+00
2.9003e+02	1.5442e+00	8.9310e-01	-6.4780e-01	1.3001e+00	-8.3290e-01	-4.7480e-01	-1.0733e+00
2.9003e+02	1.5425e+00	8.9960e-01	-6.4580e-01	1.2993e+00	-8.3290e-01	-4.7480e-01	-1.0726e+00
2.9003e+02	1.5408e+00	9.0590e-01	-6.4390e-01	1.2984e+00	-8.3270e-01	-4.7490e-01	-1.0717e+00
2.9003e+02	1.5390e+00	9.1240e-01	-6.4180e-01	1.2975e+00	-8.3250e-01	-4.7490e-01	-1.0708e+00
2.9003e+02	1.5373e+00	9.1890e-01	-6.3960e-01	1.2966e+00	-8.3230e-01	-4.7500e-01	-1.0697e+00
2.9004e+02	1.5357e+00	9.2520e-01	-6.3750e-01	1.2957e+00	-8.3210e-01	-4.7520e-01	-1.0685e+00
2.9004e+02	1.5340e+00	9.3170e-01	-6.3540e-01	1.2948e+00	-8.3200e-01	-4.7530e-01	-1.0672e+00
2.9004e+02	1.5324e+00	9.3810e-01	-6.3350e-01	1.2937e+00	-8.3170e-01	-4.7550e-01	-1.0658e+00
2.9004e+02	1.5308e+00	9.4430e-01	-6.3140e-01	1.2926e+00	-8.3150e-01	-4.7580e-01	-1.0643e+00
2.9004e+02	1.5292e+00	9.5060e-01	-6.2940e-01	1.2916e+00	-8.3120e-01	-4.7600e-01	-1.0625e+00
2.9005e+02	1.5277e+00	9.5680e-01	-6.2740e-01	1.2905e+00	-8.3090e-01	-4.7630e-01	-1.0607e+00
2.9005e+02	1.5262e+00	9.6280e-01	-6.2540e-01	1.2893e+00	-8.3060e-01	-4.7660e-01	-1.0586e+00
2.9005e+02	1.5247e+00	9.6910e-01	-6.2330e-01	1.2881e+00	-8.3020e-01	-4.7690e-01	-1.0565e+00
2.9005e+02	1.5233e+00	9.7520e-01	-6.2140e-01	1.2869e+00	-8.2990e-01	-4.7710e-01	-1.0544e+00
2.9005e+02	1.5219e+00	9.8110e-01	-6.1940e-01	1.2857e+00	-8.2950e-01	-4.7720e-01	-1.0522e+00
2.9006e+02	1.5205e+00	9.8720e-01	-6.1750e-01	1.2843e+00	-8.2900e-01	-4.7730e-01	-1.0501e+00
2.9006e+02	1.5192e+00	9.9310e-01	-6.1540e-01	1.2830e+00	-8.2860e-01	-4.7730e-01	-1.0480e+00
2.9006e+02	1.5179e+00	9.9890e-01	-6.1340e-01	1.2816e+00	-8.2820e-01	-4.7730e-01	-1.0460e+00
2.9006e+02	1.5166e+00	1.0048e+00	-6.1160e-01	1.2801e+00	-8.2770e-01	-4.7720e-01	-1.0441e+00
2.9006e+02	1.5154e+00	1.0104e+00	-6.0990e-01	1.2785e+00	-8.2720e-01	-4.7710e-01	-1.0423e+00
2.9007e+02	1.5143e+00	1.0159e+00	-6.0820e-01	1.2769e+00	-8.2660e-01	-4.7700e-01	-1.0406e+00
2.9007e+02	1.5132e+00	1.0216e+00	-6.0640e-01	1.2753e+00	-8.2600e-01	-4.7680e-01	-1.0390e+00
2.9007e+02	1.5121e+00	1.0270e+00	-6.0470e-01	1.2737e+00	-8.2540e-01	-4.7660e-01	-1.0376e+00
2.9007e+02	1.5111e+00	1.0324e+00	-6.0300e-01	1.2721e+00	-8.2480e-01	-4.7640e-01	-1.0363e+00
2.9007e+02	1.5100e+00	1.0378e+00	-6.0120e-01	1.2703e+00	-8.2420e-01	-4.7610e-01	-1.0352e+00
2.9008e+02	1.5091e+00	1.0431e+00	-5.9970e-01	1.2685e+00	-8.2360e-01	-4.7580e-01	-1.0343e+00
2.9008e+02	1.5082e+00	1.0482e+00	-5.9830e-01	1.2666e+00	-8.2310e-01	-4.7560e-01	-1.0337e+00
2.9008e+02	1.5072e+00	1.0534e+00	-5.9680e-01	1.2647e+00	-8.2260e-01	-4.7540e-01	-1.0333e+00
2.9008e+02	1.5064e+00	1.0584e+00	-5.9530e-01	1.2629e+00	-8.2220e-01	-4.7520e-01	-1.0330e+00
2.9008e+02	1.5055e+00	1.0633e+00	-5.9370e-01	1.2609e+00	-8.2190e-01	-4.7500e-01	-1.0329e+00
2.9009e+02	1.5047e+00	1.0682e+00	-5.9230e-01	1.2589e+00	-8.2160e-01	-4.7500e-01	-1.0329e+00
2.9009e+02	1.5039e+00	1.0729e+00	-5.9100e-01	1.2569e+00	-8.2140e-01	-4.7500e-01	-1.0330e+00
2.9009e+02	1.5032e+00	1.0775e+00	-5.8970e-01	1.2548e+00	-8.2130e-01	-4.7510e-01	-1.0330e+00
2.9009e+02	1.5025e+00	1.0821e+00	-5.8840e-01	1.2527e+00	-8.2110e-01	-4.7530e-01	-1.0331e+00
2.9009e+02	1.5018e+00	1.0866e+00	-5.8710e-01	1.2506e+00	-8.2100e-01	-4.7550e-01	-1.0331e+00
2.9010e+02	1.5012e+00	1.0909e+00	-5.8600e-01	1.2485e+00	-8.2090e-01	-4.7580e-01	-1.0332e+00
2.9010e+02	1.5006e+00	1.0951e+00	-5.8480e-01	1.2463e+00	-8.2070e-01	-4.7610e-01	-1.0332e+00
2.9010e+02	1.5001e+00	1.0993e+00	-5.8370e-01	1.2440e+00	-8.2060e-01	-4.7660e-01	-1.0332e+00
2.9010e+02	1.4995e+00	1.1032e+00	-5.8260e-01	1.2418e+00	-8.2040e-01	-4.7710e-01	-1.0332e+00
2.9010e+02	1.4990e+00	1.1072e+00	-5.8160e-01	1.2397e+00	-8.2020e-01	-4.7780e-01	-1.0332e+00
2.9011e+02	1.4985e+00	1.1110e+00	-5.8060e-01	1.2375e+00	-8.2000e-01	-4.7860e-01	-1.0331e+00
2.9011e+02	1.4981e+00	1.1147e+00	-5.7950e-01	1.2353e+00	-8.1960e-01	-4.7960e-01	-1.0331e+00
2.9011e+02	1.4977e+00	1.1184e+00	-5.7860e-01	1.2331e+00	-8.1920e-01	-4.8080e-01	-1.0329e+00
2.9011e+02	1.4973e+00	1.1218e+00	-5.7780e-01	1.2311e+00	-8.1870e-01	-4.8220e-01	-1.0327e+00
2.9011e+02	1.4970e+00	1.1252e+00	-5.7690e-01	1.2289e+00	-8.1810e-01	-4.8370e-01	-1.0325e+00
2.9012e+02	1.4967e+00	1.1286e+00	-5.7610e-01	1.2267e+00	-8.1740e-01	-4.8550e-01	-1.0322e+00
2.9012e+02	1.4964e+00	1.1317e+00	-5.7540e-01	1.2246e+00	-8.1660e-01	-4.8750e-01	-1.0320e+00
2.9012e+02	1.4962e+00	1.1347e+00	-5.7480e-01	1.2224e+00	-8.1560e-01	-4.8980e-01	-1.0317e+00
2.9012e+02	1.4960e+00	1.1377e+00	-5.7410e-01	1.2202e+00	-8.1460e-01	-4.9230e-01	-1.0314e+00
2.9012e+02	1.4958e+00	1.1406e+00	-5.7360e-01	1.2181e+00	-8.1340e-01	-4.9500e-01	-1.0310e+00
2.9013e+02	1.4956e+00	1.1432e+00	-5.7310e-01	1.2159e+00	-8.1220e-01	-4.9800e-01	-1.0307e+00
2.9013e+02	1.4955e+00	1.1459e+00	-5.7270e-01	1.2138e+00	-8.1080e-01	-5.0120e-01	-1.0305e+00
2.9013e+02	1.4954e+00	1.1484e+00	-5.7240e-01	1.2117e+00	-8.0940e-01	-5.0470e-01	-1.0302e+00
2.9013e+02	1.4953e+00	1.1508e+00	-5.7210e-01	1.2095e+00	-8.0780e-01	-5.0850e-01	-1.0301e+00
2.9013e+02	1.4953e+00	1.1531e+00	-5.7190e-01	1.2074e+00	-8.0620e-01	-5.1250e-01	-1.0300e+00
2.9014e+02	1.4953e+00	1.1553e+00	-5.7180e-01	1.2053e+00	-8.0450e-01	-5.1670e-01	-1.0300e+00
2.9014e+02	1.4953e+00	1.1573e+00	-5.7180e-01	1.2031e+00	-8.0270e-01	-5.2100e-01	-1.0301e+00
2.9014e+02	1.4953e+00	1.1593e+00	-5.7190e-01	1.2010e+00	-8.0070e-01	-5.2550e-01	-1.0302e+00
2.9014e+02	1.4953e+00	1.1612e+00	-5.7200e-01	1.1989e+00	-7.9870e-01	-5.3000e-01	-1.0305e+00
2.9014e+02	1.4953e+00	1.1629e+00	-5.7220e-01	1.1968e+00	-7.9670e-01	-5.3470e-01	-1.0308e+00
2.9015e+02	1.4953e+00	1.1646e+00	-5.7240e-01	1.1946e+00	-7.9470e-01	-5.3950e-01	-1.0313e+00
2.9015e+02	1.4954e+00	1.1662e+00	-5.7270e-01	1.1924e+00	-7.9270e-01	-5.4450e-01	-1.0318e+00
2.9015e+02	1.4955e+00	1.1677e+00	-5.7300e-01	1.1902e+00	-7.9080e-01	-5.4960e-01	-1.0323e+00
2.9015e+02	1.4955e+00	1.1692e+00	-5.7330e-01	1.1880e+00	-7.8870e-01	-5.5490e-01	-1.0329e+00
2.9015e+02	1.4956e+00	1.1705e+00	-5.7360e-01	1.1856e+00	-7.8660e-01	-5.6030e-01	-1.0335e+00
2.9016e+02	1.4958e+00	1.1718e+00	-5.7400e-01	1.1832e+00	-7.8460e-01	-5.6580e-01	-1.0340e+00
2.9016e+02	1.4959e+00	1.1730e+00	-5.7440e-01	1.1808e+00	-7.8250e-01	-5.7130e-01	-1.0345e+00
2.9016e+02	1.4961e+00	1.1740e+00	-5.7480e-01	1.1785e+00	-7.8060e-01	-5.7680e-01	-1.0350e+00
2.9016e+02	1.4963e+00	1.1750e+00	-5.7520e-01	1.1760e+00	-7.7880e-01	-5.8230e-01	-1.0356e+00
2.9016e+02	1.4965e+00	1.1759e+00	-5.7560e-01	1.1735e+00	-7.7700e-01	-5.8800e-01	-1.0363e+00
2.9017e+02	1.4968e+00	1.1767e+00	-5.7610e-01	1.1711e+00	-7.7540e-01	-5.9370e-01	-1.0372e+00
2.9017e+02	1.4971e+00	1.1774e+00	-5.7650e-01	1.1685e+00	-7.7370e-01	-5.9940e-01	-1.0383e+00
2.9017e+02	1.4974e+00	1.1781e+00	-5.7700e-01	1.1660e+00	-7.7210e-01	-6.0500e-01	-1.0396e+00
2.9017e+02	1.4977e+00	1.1786e+00	-5.7750e-01	1.1635e+00	-7.7040e-01	-6.1060e-01	-1.0411e+00
2.9017e+02	1.4980e+00	1.1791e+00	-5.7800e-01	1.1608e+00	-7.6900e-01	-6.1620e-01	-1.0428e+00
2.9018e+02	1.4984e+00	1.1795e+00	-5.7860e-01	1.1582e+00	-7.6760e-01	-6.2180e-01	-1.0448e+00
2.9018e+02	1.4987e+00	1.1798e+00	-5.7910e-01	1.1557e+00	-7.6640e-01	-6.2720e-01	-1.0469e+00
2.9018e+02	1.4990e+00	1.1801e+00	-5.7970e-01	1.1532e+00	-7.6530e-01	-6.3250e-01	-1.0491e+00
2.9018e+02	1.4994e+00	1.1803e+00	-5.8020e-01	1.1504e+00	-7.6420e-01	-6.3770e-01	-1.0515e+00
2.9018e+02	1.4998e+00	1.1804e+00	-5.8070e-01	1.1477e+00	-7.6330e-01	-6.4260e-01	-1.0539e+00
2.9019e+02	1.5001e+00	1.1805e+00	-5.8120e-01	1.1450e+00	-7.6240e-01	-6.4740e-01	-1.0563e+00
2.9019e+02	1.5006e+00	1.1805e+00	-5.8160e-01	1.1422e+00	-7.6160e-01	-6.5200e-01	-1.0588e+00
2.9019e+02	1.5010e+00	1.1805e+00	-5.8190e-01	1.1393e+00	-7.6090e-01	-6.5650e-01	-1.0613e+00
2.9019e+02	1.5014e+00	1.1804e+00	-5.8210e-01	1.1364e+00	-7.6030e-01	-6.6080e-01	-1.0640e+00
2.9019e+02	1.5018e+00	1.1802e+00	-5.8230e-01	1.1335e+00	-7.5950e-01	-6.6500e-01	-1.0669e+00
2.9020e+02	1.5021e+00	1.1799e+00	-5.8250e-01	1.1306e+00	-7.5870e-01	-6.6920e-01	-1.0700e+00
2.9020e+02	1.5025e+00	1.1796e+00	-5.8260e-01	1.1276e+00	-7.5770e-01	-6.7310e-01	-1.0731e+00
2.9020e+02	1.5029e+00	1.1793e+00	-5.8290e-01	1.1245e+00	-7.5660e-01	-6.7700e-01	-1.0764e+00
2.9020e+02	1.5032e+00	1.1788e+00	-5.8300e-01	1.1214e+00	-7.5570e-01	-6.8070e-01	-1.0798e+00
2.9020e+02	1.5036e+00	1.1783e+00	-5.8320e-01	1.1182e+00	-7.5490e-01	-6.8430e-01	-1.0832e+00
2.9021e+02	1.5039e+00	1.1778e+00	-5.8340e-01	1.1149e+00	-7.5400e-01	-6.8790e-01	-1.0867e+00
2.9021e+02	1.5043e+00	1.1772e+00	-5.8350e-01	1.1116e+00	-7.5320e-01	-6.9140e-01	-1.0902e+00
2.9021e+02	1.5047e+00	1.1765e+00	-5.8360e-01	1.1082e+00	-7.5230e-01	-6.9480e-01	-1.0938e+00
2.9021e+02	1.5051e+00	1.1757e+00	-5.8370e-01	1.1048e+00	-7.5160e-01	-6.9810e-01	-1.0973e+00
2.9021e+02	1.5055e+00	1.1748e+00	-5.8380e-01	1.1014e+00	-7.5100e-01	-7.0130e-01	-1.1008e+00
2.9022e+02	1.5059e+00	1.1740e+00	-5.8380e-01	1.0978e+00	-7.5070e-01	-7.0450e-01	-1.1043e+00
2.9022e+02	1.5063e+00	1.1730e+00	-5.8380e-01	1.0943e+00	-7.5050e-01	-7.0760e-01	-1.1077e+00
2.9022e+02	1.5068e+00	1.1720e+00	-5.8370e-01	1.0908e+00	-7.5050e-01	-7.1060e-01	-1.1111e+00
2.9022e+02	1.5073e+00	1.1711e+00	-5.8360e-01	1.0873e+00	-7.5060e-01	-7.1360e-01	-1.1144e+00
2.9022e+02	1.5078e+00	1.1701e+00	-5.8340e-01	1.0838e+00	-7.5090e-01	-7.1650e-01	-1.1175e+00
2.9023e+02	1.5083e+00	1.1692e+00	-5.8320e-01	1.0803e+00	-7.5140e-01	-7.1940e-01	-1.1206e+00
2.9023e+02	1.5088e+00	1.1682e+00	-5.8290e-01	1.0767e+00	-7.5190e-01	-7.2210e-01	-1.1235e+00
2.9023e+02	1.5093e+00	1.1671e+00	-5.8260e-01	1.0730e+00	-7.5260e-01	-7.2460e-01	-1.1263e+00
2.9023e+02	1.5098e+00	1.1660e+00	-5.8240e-01	1.0694e+00	-7.5340e-01	-7.2700e-01	-1.1289e+00
2.9023e+02	1.5103e+00	1.1649e+00	-5.8210e-01	1.0656e+00	-7.5430e-01	-7.2920e-01	-1.1314e+00
2.9024e+02	1.5108e+00	1.1636e+00	-5.8170e-01	1.0618e+00	-7.5550e-01	-7.3120e-01	-1.1336e+00
2.9024e+02	1.5113e+00	1.1623e+00	-5.8150e-01	1.0581e+00	-7.5680e-01	-7.3320e-01	-1.1356e+00
2.9024e+02	1.5118e+00	1.1610e+00	-5.8130e-01	1.0543e+00	-7.5820e-01	-7.3500e-01	-1.1373e+00
2.9024e+02	1.5123e+00	1.1596e+00	-5.8100e-01	1.0505e+00	-7.5960e-01	-7.3670e-01	-1.1389e+00
2.9024e+02	1.5128e+00	1.1583e+00	-5.8070e-01	1.0467e+00	-7.6120e-01	-7.3850e-01	-1.1402e+00
2.9025e+02	1.5133e+00	1.1569e+00	-5.8030e-01	1.0429e+00	-7.6280e-01	-7.4020e-01	-1.1413e+00
2.9025e+02	1.5139e+00	1.1555e+00	-5.7980e-01	1.0390e+00	-7.6470e-01	-7.4190e-01	-1.1423e+00
2.9025e+02	1.5144e+00	1.1542e+00	-5.7940e-01	1.0351e+00	-7.6670e-01	-7.4360e-01	-1.1432e+00
2.9025e+02	1.5150e+00	1.1528e+00	-5.7890e-01	1.0310e+00	-7.6890e-01	-7.4520e-01	-1.1440e+00
2.9025e+02	1.5156e+00	1.1513e+00	-5.7850e-01	1.0271e+00	-7.7130e-01	-7.4670e-01	-1.1448e+00
2.9026e+02	1.5162e+00	1.1499e+00	-5.7800e-01	1.0232e+00	-7.7380e-01	-7.4800e-01	-1.1455e+00
2.9026e+02	1.5168e+00	1.1484e+00	-5.7750e-01	1.0191e+00	-7.7650e-01	-7.4910e-01	-1.1462e+00
2.9026e+02	1.5174e+00	1.1468e+00	-5.7700e-01	1.0151e+00	-7.7930e-01	-7.5000e-01	-1.1468e+00
2.9026e+02	1.5181e+00	1.1453e+00	-5.7660e-01	1.0111e+00	-7.8220e-01	-7.5070e-01	-1.1474e+00
2.9026e+02	1.5186e+00	1.1437e+00	-5.7610e-01	1.0069e+00	-7.8530e-01	-7.5130e-01	-1.1480e+00
2.9027e+02	1.5193e+00	1.1421e+00	-5.7560e-01	1.0029e+00	-7.8860e-01	-7.5180e-01	-1.1484e+00
2.9027e+02	1.5199e+00	1.1406e+00	-5.7510e-01	9.9880e-01	-7.9200e-01	-7.5230e-01	-1.1488e+00
2.9027e+02	1.5205e+00	1.1391e+00	-5.7470e-01	9.9460e-01	-7.9550e-01	-7.5260e-01	-1.1490e+00
2.9027e+02	1.5211e+00	1.1375e+00	-5.7410e-01	9.9050e-01	-7.9930e-01	-7.5280e-01	-1.1492e+00
2.9027e+02	1.5217e+00	1.1360e+00	-5.7350e-01	9.8640e-01	-8.0320e-01	-7.5290e-01	-1.1493e+00
2.9028e+02	1.5224e+00	1.1344e+00	-5.7300e-01	9.8220e-01	-8.0720e-01	-7.5280e-01	-1.1493e+00
2.9028e+02	1.5230e+00	1.1327e+00	-5.7250e-01	9.7810e-01	-8.1120e-01	-7.5250e-01	-1.1492e+00
2.9028e+02	1.5237e+00	1.1310e+00	-5.7200e-01	9.7400e-01	-8.1540e-01	-7.5220e-01	-1.1490e+00
2.9028e+02	1.5244e+00	1.1294e+00	-5.7150e-01	9.6980e-01	-8.1950e-01	-7.5190e-01	-1.1488e+00
2.9028e+02	1.5250e+00	1.1277e+00	-5.7090e-01	9.6570e-01	-8.2370e-01	-7.5140e-01	-1.1486e+00
2.9029e+02	1.5257e+00	1.1260e+00	-5.7030e-01	9.6160e-01	-8.2800e-01	-7.5100e-01	-1.1484e+00
2.9029e+02	1.5263e+00	1.1243e+00	-5.6970e-01	9.5740e-01	-8.3250e-01	-7.5040e-01	-1.1482e+00
2.9029e+02	1.5270e+00	1.1226e+00	-5.6900e-01	9.5340e-01	-8.3710e-01	-7.4980e-01	-1.1481e+00
2.9029e+02	1.5276e+00	1.1209e+00	-5.6840e-01	9.4940e-01	-8.4160e-01	-7.4920e-01	-1.1479e+00
2.9029e+02	1.5283e+00	1.1193e+00	-5.6780e-01	9.4520e-01	-8.4620e-01	-7.4850e-01	-1.1478e+00
2.9030e+02	1.5289e+00	1.1176e+00	-5.6720e-01	9.4130e-01	-8.5090e-01	-7.4770e-01	-1.1477e+00
2.9030e+02	1.5295e+00	1.1159e+00	-5.6650e-01	9.3740e-01	-8.5580e-01	-7.4690e-01	-1.1475e+00
2.9030e+02	1.5302e+00	1.1142e+00	-5.6580e-01	9.3340e-01	-8.6070e-01	-7.4600e-01	-1.1474e+00
2.9030e+02	1.5308e+00	1.1125e+00	-5.6510e-01	9.2960e-01	-8.6570e-01	-7.4510e-01	-1.1472e+00
2.9030e+02	1.5315e+00	1.1108e+00	-5.6440e-01	9.2580e-01	-8.7070e-01	-7.4420e-01	-1.1471e+00
2.9031e+02	1.5321e+00	1.1091e+00	-5.6360e-01	9.2190e-01	-8.7590e-01	-7.4310e-01	-1.1469e+00
2.9031e+02	1.5328e+00	1.1074e+00	-5.6290e-01	9.1810e-01	-8.8110e-01	-7.4200e-01	-1.1468e+00
2.9031e+02	1.5334e+00	1.1056e+00	-5.6220e-01	9.1440e-01	-8.8650e-01	-7.4060e-01	-1.1466e+00
2.9031e+02	1.5341e+00	1.1039e+00	-5.6140e-01	9.1070e-01	-8.9180e-01	-7.3920e-01	-1.1463e+00
2.9031e+02	1.5347e+00	1.1021e+00	-5.6050e-01	9.0710e-01	-8.9720e-01	-7.3750e-01	-1.1460e+00
2.9032e+02	1.5354e+00	1.1003e+00	-5.5970e-01	9.0360e-01	-9.0270e-01	-7.3580e-01	-1.1455e+00
2.9032e+02	1.5360e+00	1.0986e+00	-5.5900e-01	9.0000e-01	-9.0820e-01	-7.3390e-01	-1.1450e+00
2.9032e+02	1.5366e+00	1.0969e+00	-5.5810e-01	8.9650e-01	-9.1380e-01	-7.3200e-01	-1.1444e+00
2.9032e+02	1.5371e+00	1.0952e+00	-5.5730e-01	8.9310e-01	-9.1940e-01	-7.3010e-01	-1.1436e+00
2.9032e+02	1.5377e+00	1.0934e+00	-5.5640e-01	8.8960e-01	-9.2490e-01	-7.2800e-01	-1.1428e+00
2.9033e+02	1.5382e+00	1.0917e+00	-5.5550e-01	8.8630e-01	-9.3050e-01	-7.2580e-01	-1.1419e+00
2.9033e+02	1.5387e+00	1.0900e+00	-5.5460e-01	8.8300e-01	-9.3600e-01	-7.2330e-01	-1.1409e+00
2.9033e+02	1.5392e+00	1.0884e+00	-5.5380e-01	8.7970e-01	-9.4140e-01	-7.2080e-01	-1.1398e+00
2.9033e+02	1.5397e+00	1.0867e+00	-5.5290e-01	8.7640e-01	-9.4700e-01	-7.1790e-01	-1.1386e+00
2.9033e+02	1.5402e+00	1.0850e+00	-5.5190e-01	8.7320e-01	-9.5250e-01	-7.1490e-01	-1.1375e+00
2.9034e+02	1.5406e+00	1.0834e+00	-5.5100e-01	8.6990e-01	-9.5800e-01	-7.1180e-01	-1.1364e+00
2.9034e+02	1.5411e+00	1.0817e+00	-5.5010e-01	8.6680e-01	-9.6350e-01	-7.0850e-01	-1.1354e+00
2.9034e+02	1.5415e+00	1.0800e+00	-5.4920e-01	8.6370e-01	-9.6890e-01	-7.0510e-01	-1.1345e+00
2.9034e+02	1.5419e+00	1.0784e+00	-5.4830e-01	8.6060e-01	-9.7430e-01	-7.0170e-01	-1.1337e+00
2.9034e+02	1.5424e+00	1.0767e+00	-5.4730e-01	8.5750e-01	-9.7970e-01	-6.9810e-01	-1.1331e+00
2.9035e+02	1.5428e+00	1.0751e+00	-5.4640e-01	8.5440e-01	-9.8490e-01	-6.9440e-01	-1.1325e+00
2.9035e+02	1.5431e+00	1.0735e+00	-5.4540e-01	8.5140e-01	-9.9010e-01	-6.9070e-01	-1.1321e+00
2.9035e+02	1.5435e+00	1.0719e+00	-5.4440e-01	8.4850e-01	-9.9530e-01	-6.8670e-01	-1.1316e+00
2.9035e+02	1.5438e+00	1.0703e+00	-5.4350e-01	8.4570e-01	-1.0005e+00	-6.8270e-01	-1.1312e+00
2.9035e+02	1.5441e+00	1.0688e+00	-5.4250e-01	8.4290e-01	-1.0055e+00	-6.7860e-01	-1.1307e+00
2.9036e+02	1.5444e+00	1.0672e+00	-5.4160e-01	8.4010e-01	-1.0104e+00	-6.7430e-01	-1.1303e+00
2.9036e+02	1.5446e+00	1.0656e+00	-5.4070e-01	8.3740e-01	-1.0154e+00	-6.6990e-01	-1.1298e+00
2.9036e+02	1.5449e+00	1.0641e+00	-5.3980e-01	8.3480e-01	-1.0202e+00	-6.6550e-01	-1.1294e+00
2.9036e+02	1.5451e+00	1.0626e+00	-5.3880e-01	8.3220e-01	-1.0250e+00	-6.6090e-01	-1.1289e+00
2.9036e+02	1.5453e+00	1.0611e+00	-5.3790e-01	8.2980e-01	-1.0297e+00	-6.5650e-01	-1.1285e+00
2.9037e+02	1.5455e+00	1.0597e+00	-5.3700e-01	8.2740e-01	-1.0344e+00	-6.5200e-01	-1.1281e+00
2.9037e+02	1.5456e+00	1.0582e+00	-5.3610e-01	8.2520e-01	-1.0391e+00	-6.4760e-01	-1.1277e+00
2.9037e+02	1.5458e+00	1.0568e+00	-5.3520e-01	8.2300e-01	-1.0438e+00	-6.4310e-01	-1.1273e+00
2.9037e+02	1.5459e+00	1.0554e+00	-5.3430e-01	8.2080e-01	-1.0484e+00	-6.3870e-01	-1.1270e+00
2.9037e+02	1.5460e+00	1.0539e+00	-5.3340e-01	8.1880e-01	-1.0531e+00	-6.3430e-01	-1.1266e+00
2.9038e+02	1.5461e+00	1.0525e+00	-5.3250e-01	8.1700e-01	-1.0578e+00	-6.2980e-01	-1.1263e+00
2.9038e+02	1.5461e+00	1.0512e+00	-5.3160e-01	8.1520e-01	-1.0623e+00	-6.2540e-01	-1.1260e+00
2.9038e+02	1.5462e+00	1.0498e+00	-5.3080e-01	8.1350e-01	-1.0669e+00	-6.2100e-01	-1.1257e+00
2.9038e+02	1.5461e+00	1.0484e+00	-5.2990e-01	8.1190e-01	-1.0713e+00	-6.1660e-01	-1.1254e+00
2.9038e+02	1.5461e+00	1.0471e+00	-5.2920e-01	8.1040e-01	-1.0756e+00	-6.1230e-01	-1.1252e+00
2.9039e+02	1.5461e+00	1.0457e+00	-5.2830e-01	8.0900e-01	-1.0800e+00	-6.0800e-01	-1.1251e+00
2.9039e+02	1.5461e+00	1.0443e+00	-5.2750e-01	8.0780e-01	-1.0844e+00	-6.0370e-01	-1.1249e+00
2.9039e+02	1.5461e+00	1.0430e+00	-5.2670e-01	8.0660e-01	-1.0886e+00	-5.9940e-01	-1.1248e+00
2.9039e+02	1.5461e+00	1.0417e+00	-5.2600e-01	8.0550e-01	-1.0929e+00	-5.9510e-01	-1.1248e+00
2.9039e+02	1.5461e+00	1.0404e+00	-5.2530e-01	8.0470e-01	-1.0972e+00	-5.9080e-01	-1.1247e+00
2.9040e+02	1.5461e+00	1.0391e+00	-5.2480e-01	8.0390e-01	-1.1014e+00	-5.8650e-01	-1.1248e+00
2.9040e+02	1.5460e+00	1.0379e+00	-5.2420e-01	8.0340e-01	-1.1055e+00	-5.8220e-01	-1.1249e+00
2.9040e+02	1.5460e+00	1.0367e+00	-5.2360e-01	8.0300e-01	-1.1094e+00	-5.7790e-01	-1.1251e+00
2.9040e+02	1.5459e+00	1.0356e+00	-5.2310e-01	8.0280e-01	-1.1131e+00	-5.7360e-01	-1.1253e+00
2.9040e+02	1.5459e+00	1.0344e+00	-5.2260e-01	8.0270e-01	-1.1169e+00	-5.6940e-01	-1.1256e+00
2.9041e+02	1.5458e+00	1.0333e+00	-5.2210e-01	8.0260e-01	-1.1205e+00	-5.6540e-01	-1.1256e+00
2.9041e+02	1.5458e+00	1.0322e+00	-5.2180e-01	8.0260e-01	-1.1242e+00	-5.6150e-01	-1.1256e+00
2.9041e+02	1.5456e+00	1.0310e+00	-5.2140e-01	8.0280e-01	-1.1278e+00	-5.5770e-01	-1.1255e+00
2.9041e+02	1.5455e+00	1.0298e+00	-5.2110e-01	8.0300e-01	-1.1314e+00	-5.5400e-01	-1.1253e+00
2.9041e+02	1.5453e+00	1.0286e+00	-5.2090e-01	8.0340e-01	-1.1349e+00	-5.5020e-01	-1.1250e+00
2.9042e+02	1.5452e+00	1.0274e+00	-5.2070e-01	8.0380e-01	-1.1384e+00	-5.4650e-01	-1.1246e+00
2.9042e+02	1.5450e+00	1.0263e+00	-5.2060e-01	8.0450e-01	-1.1418e+00	-5.4280e-01	-1.1241e+00
2.9042e+02	1.5448e+00	1.0252e+00	-5.2060e-01	8.0540e-01	-1.1450e+00	-5.3920e-01	-1.1235e+00
2.9042e+02	1.5445e+00	1.0241e+00	-5.2060e-01	8.0630e-01	-1.1482e+00	-5.3570e-01	-1.1229e+00
2.9042e+02	1.5443e+00	1.0231e+00	-5.2060e-01	8.0750e-01	-1.1513e+00	-5.3220e-01	-1.1221e+00
2.9043e+02	1.5440e+00	1.0222e+00	-5.2060e-01	8.0890e-01	-1.1543e+00	-5.2900e-01	-1.1214e+00
2.9043e+02	1.5438e+00	1.0213e+00	-5.2060e-01	8.1040e-01	-1.1571e+00	-5.2600e-01	-1.1206e+00
2.9043e+02	1.5435e+00	1.0204e+00	-5.2070e-01	8.1200e-01	-1.1597e+00	-5.2310e-01	-1.1199e+00
2.9043e+02	1.5432e+00	1.0195e+00	-5.2080e-01	8.1360e-01	-1.1621e+00	-5.2040e-01	-1.1192e+00
2.9043e+02	1.5430e+00	1.0186e+00	-5.2100e-01	8.1540e-01	-1.1644e+00	-5.1790e-01	-1.1186e+00
2.9044e+02	1.5427e+00	1.0177e+00	-5.2120e-01	8.1730e-01	-1.1665e+00	-5.1550e-01	-1.1180e+00
2.9044e+02	1.5424e+00	1.0168e+00	-5.2140e-01	8.1940e-01	-1.1685e+00	-5.1320e-01	-1.1175e+00
2.9044e+02	1.5422e+00	1.0159e+00	-5.2180e-01	8.2150e-01	-1.1703e+00	-5.1110e-01	-1.1169e+00
2.9044e+02	1.5419e+00	1.0150e+00	-5.2210e-01	8.2380e-01	-1.1719e+00	-5.0910e-01	-1.1164e+00
2.9044e+02	1.5416e+00	1.0142e+00	-5.2250e-01	8.2630e-01	-1.1733e+00	-5.0730e-01	-1.1158e+00
2.9045e+02	1.5413e+00	1.0134e+00	-5.2290e-01	8.2900e-01	-1.1746e+00	-5.0560e-01	-1.1153e+00
2.9045e+02	1.5410e+00	1.0126e+00	-5.2340e-01	8.3170e-01	-1.1758e+00	-5.0410e-01	-1.1149e+00
2.9045e+02	1.5407e+00	1.0119e+00	-5.2390e-01	8.3480e-01	-1.1769e+00	-5.0270e-01	-1.1145e+00
2.9045e+02	1.5404e+00	1.0112e+00	-5.2450e-01	8.3790e-01	-1.1779e+00	-5.0130e-01	-1.1141e+00
2.9045e+02	1.5400e+00	1.0105e+00	-5.2510e-01	8.4120e-01	-1.1789e+00	-5.0010e-01	-1.1138e+00
2.9046e+02	1.5396e+00	1.0099e+00	-5.2570e-01	8.4460e-01	-1.1798e+00	-4.9900e-01	-1.1136e+00
2.9046e+02	1.5392e+00	1.0093e+00	-5.2640e-01	8.4810e-01	-1.1805e+00	-4.9800e-01	-1.1133e+00
2.9046e+02	1.5388e+00	1.0087e+00	-5.2720e-01	8.5170e-01	-1.1812e+00	-4.9700e-01	-1.1131e+00
2.9046e+02	1.5384e+00	1.0080e+00	-5.2800e-01	8.5540e-01	-1.1816e+00	-4.9610e-01	-1.1129e+00
2.9046e+02	1.5380e+00	1.0073e+00	-5.2890e-01	8.5920e-01	-1.1820e+00	-4.9520e-01	-1.1126e+00
2.9047e+02	1.5375e+00	1.0067e+00	-5.2980e-01	8.6310e-01	-1.1822e+00	-4.9420e-01	-1.1125e+00
2.9047e+02	1.5371e+00	1.0062e+00	-5.3080e-01	8.6720e-01	-1.1822e+00	-4.9330e-01	-1.1123e+00
2.9047e+02	1.5366e+00	1.0056e+00	-5.3180e-01	8.7130e-01	-1.1822e+00	-4.9250e-01	-1.1121e+00
2.9047e+02	1.5361e+00	1.0051e+00	-5.3280e-01	8.7560e-01	-1.1820e+00	-4.9170e-01	-1.1120e+00
2.9047e+02	1.5356e+00	1.0046e+00	-5.3380e-01	8.8030e-01	-1.1818e+00	-4.9090e-01	-1.1118e+00
2.9048e+02	1.5351e+00	1.0041e+00	-5.3470e-01	8.8490e-01	-1.1815e+00	-4.9000e-01	-1.1117e+00
2.9048e+02	1.5345e+00	1.0038e+00	-5.3550e-01	8.8960e-01	-1.1810e+00	-4.8910e-01	-1.1115e+00
2.9048e+02	1.5339e+00	1.0034e+00	-5.3630e-01	8.9450e-01	-1.1805e+00	-4.8800e-01	-1.1114e+00
2.9048e+02	1.5333e+00	1.0030e+00	-5.3700e-01	8.9960e-01	-1.1799e+00	-4.8690e-01	-1.1114e+00
2.9048e+02	1.5326e+00	1.0026e+00	-5.3770e-01	9.0470e-01	-1.1792e+00	-4.8570e-01	-1.1114e+00
2.9049e+02	1.5319e+00	1.0023e+00	-5.3830e-01	9.1010e-01	-1.1785e+00	-4.8440e-01	-1.1113e+00
2.9049e+02	1.5312e+00	1.0019e+00	-5.3890e-01	9.1560e-01	-1.1777e+00	-4.8300e-01	-1.1113e+00
2.9049e+02	1.5304e+00	1.0016e+00	-5.3950e-01	9.2110e-01	-1.1769e+00	-4.8160e-01	-1.1114e+00
2.9049e+02	1.5297e+00	1.0013e+00	-5.4000e-01	9.2690e-01	-1.1759e+00	-4.8000e-01	-1.1114e+00
2.9049e+02	1.5288e+00	1.0010e+00	-5.4050e-01	9.3270e-01	-1.1749e+00	-4.7840e-01	-1.1115e+00
2.9050e+02	1.5280e+00	1.0007e+00	-5.4090e-01	9.3850e-01	-1.1738e+00	-4.7670e-01	-1.1116e+00
2.9050e+02	1.5271e+00	1.0005e+00	-5.4130e-01	9.4450e-01	-1.1726e+00	-4.7500e-01	-1.1118e+00
2.9050e+02	1.5262e+00	1.0004e+00	-5.4160e-01	9.5050e-01	-1.1714e+00	-4.7320e-01	-1.1119e+00
2.9050e+02	1.5252e+00	1.0003e+00	-5.4180e-01	9.5660e-01	-1.1703e+00	-4.7140e-01	-1.1120e+00
2.9050e+02	1.5243e+00	1.0002e+00	-5.4200e-01	9.6280e-01	-1.1691e+00	-4.6950e-01	-1.1121e+00
2.9051e+02	1.5233e+00	1.0002e+00	-5.4210e-01	9.6900e-01	-1.1679e+00	-4.6760e-01	-1.1123e+00
2.9051e+02	1.5223e+00	1.0002e+00	-5.4220e-01	9.7520e-01	-1.1666e+00	-4.6550e-01	-1.1124e+00
2.9051e+02	1.5213e+00	1.0002e+00	-5.4230e-01	9.8160e-01	-1.1653e+00	-4.6340e-01	-1.1127e+00
2.9051e+02	1.5202e+00	1.0002e+00	-5.4240e-01	9.8790e-01	-1.1640e+00	-4.6110e-01	-1.1130e+00
2.9051e+02	1.5191e+00	1.0002e+00	-5.4240e-01	9.9410e-01	-1.1626e+00	-4.5880e-01	-1.1133e+00
2.9052e+02	1.5180e+00	1.0002e+00	-5.4240e-01	1.0005e+00	-1.1613e+00	-4.5650e-01	-1.1137e+00
2.9052e+02	1.5168e+00	1.0003e+00	-5.4240e-01	1.0067e+00	-1.1600e+00	-4.5420e-01	-1.1141e+00
2.9052e+02	1.5156e+00	1.0004e+00	-5.4240e-01	1.0129e+00	-1.1587e+00	-4.5190e-01	-1.1145e+00
2.9052e+02	1.5144e+00	1.0004e+00	-5.4240e-01	1.0194e+00	-1.1573e+00	-4.4960e-01	-1.1148e+00
2.9052e+02	1.5132e+00	1.0006e+00	-5.4240e-01	1.0257e+00	-1.1559e+00	-4.4740e-01	-1.1151e+00
2.9053e+02	1.5120e+00	1.0008e+00	-5.4240e-01	1.0320e+00	-1.1545e+00	-4.4520e-01	-1.1153e+00
2.9053e+02	1.5107e+00	1.0010e+00	-5.4250e-01	1.0385e+00	-1.1529e+00	-4.4300e-01	-1.1154e+00
2.9053e+02	1.5094e+00	1.0012e+00	-5.4250e-01	1.0448e+00	-1.1513e+00	-4.4090e-01	-1.1155e+00
2.9053e+02	1.5081e+00	1.0015e+00	-5.4260e-01	1.0511e+00	-1.1497e+00	-4.3890e-01	-1.1155e+00
2.9053e+02	1.5068e+00	1.0018e+00	-5.4270e-01	1.0576e+00	-1.1481e+00	-4.3710e-01	-1.1154e+00
2.9054e+02	1.5055e+00	1.0022e+00	-5.4290e-01	1.0640e+00	-1.1464e+00	-4.3550e-01	-1.1154e+00
2.9054e+02	1.5043e+00	1.0025e+00	-5.4310e-01	1.0703e+00	-1.1446e+00	-4.3390e-01	-1.1153e+00
2.9054e+02	1.5030e+00	1.0028e+00	-5.4340e-01	1.0769e+00	-1.1428e+00	-4.3250e-01	-1.1152e+00
2.9054e+02	1.5016e+00	1.0032e+00	-5.4370e-01	1.0833e+00	-1.1410e+00	-4.3120e-01	-1.1151e+00
2.9054e+02	1.5003e+00	1.0036e+00	-5.4410e-01	1.0897e+00	-1.1392e+00	-4.3000e-01	-1.1151e+00
2.9055e+02	1.4990e+00	1.0040e+00	-5.4450e-01	1.0963e+00	-1.1374e+00	-4.2880e-01	-1.1151e+00
2.9055e+02	1.4976e+00	1.0045e+00	-5.4490e-01	1.1027e+00	-1.1356e+00	-4.2780e-01	-1.1152e+00
2.9055e+02	1.4962e+00	1.0050e+00	-5.4540e-01	1.1090e+00	-1.1338e+00	-4.2690e-01	-1.1153e+00
2.9055e+02	1.4949e+00	1.0056e+00	-5.4590e-01	1.1155e+00	-1.1322e+00	-4.2620e-01	-1.1154e+00
2.9055e+02	1.4935e+00	1.0061e+00	-5.4650e-01	1.1217e+00	-1.1306e+00	-4.2550e-01	-1.1155e+00
2.9056e+02	1.4921e+00	1.0067e+00	-5.4710e-01	1.1278e+00	-1.1290e+00	-4.2490e-01	-1.1155e+00
2.9056e+02	1.4908e+00	1.0073e+00	-5.4780e-01	1.1340e+00	-1.1274e+00	-4.2420e-01	-1.1156e+00
2.9056e+02	1.4894e+00	1.0079e+00	-5.4850e-01	1.1399e+00	-1.1259e+00	-4.2340e-01	-1.1156e+00
2.9056e+02	1.4880e+00	1.0086e+00	-5.4920e-01	1.1456e+00	-1.1244e+00	-4.2270e-01	-1.1157e+00
2.9056e+02	1.4866e+00	1.0092e+00	-5.5000e-01	1.1514e+00	-1.1229e+00	-4.2200e-01	-1.1157e+00
2.9057e+02	1.4852e+00	1.0098e+00	-5.5090e-01	1.1570e+00	-1.1213e+00	-4.2140e-01	-1.1156e+00
2.9057e+02	1.4838e+00	1.0104e+00	-5.5180e-01	1.1623e+00	-1.1196e+00	-4.2100e-01	-1.1155e+00
2.9057e+02	1.4823e+00	1.0111e+00	-5.5270e-01	1.1678e+00	-1.1179e+00	-4.2090e-01	-1.1154e+00
2.9057e+02	1.4809e+00	1.0117e+00	-5.5370e-01	1.1731e+00	-1.1162e+00	-4.2100e-01	-1.1153e+00
2.9057e+02	1.4794e+00	1.0124e+00	-5.5470e-01	1.1782e+00	-1.1146e+00	-4.2130e-01	-1.1152e+00
2.9058e+02	1.4780e+00	1.0131e+00	-5.5570e-01	1.1833e+00	-1.1130e+00	-4.2180e-01	-1.1152e+00
2.9058e+02	1.4766e+00	1.0137e+00	-5.5680e-01	1.1881e+00	-1.1114e+00	-4.2260e-01	-1.1153e+00
2.9058e+02	1.4752e+00	1.0144e+00	-5.5790e-01	1.1929e+00	-1.1100e+00	-4.2350e-01	-1.1155e+00
2.9058e+02	1.4737e+00	1.0151e+00	-5.5910e-01	1.1977e+00	-1.1085e+00	-4.2460e-01	-1.1159e+00
2.9058e+02	1.4723e+00	1.0158e+00	-5.6030e-01	1.2022e+00	-1.1071e+00	-4.2580e-01	-1.1165e+00
2.9059e+02	1.4708e+00	1.0165e+00	-5.6140e-01	1.2066e+00	-1.1057e+00	-4.2700e-01	-1.1173e+00
2.9059e+02	1.4694e+00	1.0172e+00	-5.6270e-01	1.2110e+00	-1.1043e+00	-4.2820e-01	-1.1182e+00
2.9059e+02	1.4680e+00	1.0179e+00	-5.6390e-01	1.2153e+00	-1.1030e+00	-4.2950e-01	-1.1195e+00
2.9059e+02	1.4666e+00	1.0185e+00	-5.6510e-01	1.2194e+00	-1.1017e+00	-4.3070e-01	-1.1210e+00
2.9059e+02	1.4652e+00	1.0192e+00	-5.6620e-01	1.2234e+00	-1.1005e+00	-4.3190e-01	-1.1228e+00
2.9060e+02	1.4639e+00	1.0198e+00	-5.6740e-01	1.2274e+00	-1.0992e+00	-4.3330e-01	-1.1248e+00
2.9060e+02	1.4625e+00	1.0205e+00	-5.6860e-01	1.2311e+00	-1.0979e+00	-4.3460e-01	-1.1271e+00
2.9060e+02	1.4612e+00	1.0210e+00	-5.6970e-01	1.2348e+00	-1.0966e+00	-4.3600e-01	-1.1296e+00
2.9060e+02	1.4598e+00	1.0216e+00	-5.7090e-01	1.2385e+00	-1.0953e+00	-4.3750e-01	-1.1323e+00
2.9060e+02	1.4584e+00	1.0222e+00	-5.7200e-01	1.2420e+00	-1.0940e+00	-4.3880e-01	-1.1351e+00
2.9061e+02	1.4570e+00	1.0227e+00	-5.7300e-01	1.2456e+00	-1.0928e+00	-4.4020e-01	-1.1380e+00
2.9061e+02	1.4556e+00	1.0232e+00	-5.7410e-01	1.2490e+00	-1.0917e+00	-4.4150e-01	-1.1410e+00
2.9061e+02	1.4542e+00	1.0237e+00	-5.7510e-01	1.2524e+00	-1.0906e+00	-4.4280e-01	-1.1440e+00
2.9061e+02	1.4529e+00	1.0242e+00	-5.7600e-01	1.2557e+00	-1.0895e+00	-4.4410e-01	-1.1471e+00
2.9061e+02	1.4515e+00	1.0246e+00	-5.7690e-01	1.2589e+00	-1.0883e+00	-4.4550e-01	-1.1502e+00
2.9062e+02	1.4502e+00	1.0250e+00	-5.7770e-01	1.2620e+00	-1.0870e+00	-4.4680e-01	-1.1533e+00
2.9062e+02	1.4489e+00	1.0253e+00	-5.7840e-01	1.2650e+00	-1.0858e+00	-4.4820e-01	-1.1563e+00
2.9062e+02	1.4475e+00	1.0257e+00	-5.7910e-01	1.2680e+00	-1.0845e+00	-4.4960e-01	-1.1594e+00
2.9062e+02	1.4461e+00	1.0260e+00	-5.7980e-01	1.2709e+00	-1.0832e+00	-4.5090e-01	-1.1623e+00
2.9062e+02	1.4448e+00	1.0263e+00	-5.8040e-01	1.2738e+00	-1.0820e+00	-4.5220e-01	-1.1652e+00
2.9063e+02	1.4435e+00	1.0266e+00	-5.8090e-01	1.2766e+00	-1.0807e+00	-4.5340e-01	-1.1679e+00
2.9063e+02	1.4422e+00	1.0268e+00	-5.8140e-01	1.2793e+00	-1.0794e+00	-4.5460e-01	-1.1706e+00
2.9063e+02	1.4409e+00	1.0270e+00	-5.8180e-01	1.2820e+00	-1.0782e+00	-4.5570e-01	-1.1732e+00
2.9063e+02	1.4396e+00	1.0272e+00	-5.8220e-01	1.2846e+00	-1.0770e+00	-4.5690e-01	-1.1757e+00
2.9063e+02	1.4383e+00	1.0274e+00	-5.8250e-01	1.2871e+00	-1.0758e+00	-4.5800e-01	-1.1780e+00
2.9064e+02	1.4370e+00	1.0275e+00	-5.8270e-01	1.2896e+00	-1.0746e+00	-4.5920e-01	-1.1802e+00
2.9064e+02	1.4358e+00	1.0275e+00	-5.8290e-01	1.2920e+00	-1.0733e+00	-4.6040e-01	-1.1823e+00
2.9064e+02	1.4345e+00	1.0276e+00	-5.8300e-01	1.2943e+00	-1.0720e+00	-4.6150e-01	-1.1844e+00
2.9064e+02	1.4333e+00	1.0276e+00	-5.8300e-01	1.2966e+00	-1.0708e+00	-4.6250e-01	-1.1864e+00
2.9064e+02	1.4320e+00	1.0275e+00	-5.8300e-01	1.2989e+00	-1.0696e+00	-4.6350e-01	-1.1885e+00
2.9065e+02	1.4308e+00	1.0275e+00	-5.8290e-01	1.3010e+00	-1.0685e+00	-4.6440e-01	-1.1905e+00
2.9065e+02	1.4296e+00	1.0275e+00	-5.8290e-01	1.3032e+00	-1.0675e+00	-4.6530e-01	-1.1924e+00
2.9065e+02	1.4284e+00	1.0275e+00	-5.8280e-01	1.3052e+00	-1.0665e+00	-4.6620e-01	-1.1944e+00
2.9065e+02	1.4272e+00	1.0274e+00	-5.8280e-01	1.3072e+00	-1.0655e+00	-4.6710e-01	-1.1962e+00
2.9065e+02	1.4260e+00	1.0273e+00	-5.8270e-01	1.3092e+00	-1.0646e+00	-4.6790e-01	-1.1979e+00
2.9066e+02	1.4248e+00	1.0273e+00	-5.8260e-01	1.3110e+00	-1.0638e+00	-4.6890e-01	-1.1995e+00
2.9066e+02	1.4236e+00	1.0272e+00	-5.8250e-01	1.3127e+00	-1.0630e+00	-4.6980e-01	-1.2011e+00
2.9066e+02	1.4225e+00	1.0271e+00	-5.8240e-01	1.3144e+00	-1.0621e+00	-4.7080e-01	-1.2026e+00
2.9066e+02	1.4213e+00	1.0269e+00	-5.8230e-01	1.3159e+00	-1.0613e+00	-4.7190e-01	-1.2040e+00
2.9066e+02	1.4202e+00	1.0268e+00	-5.8220e-01	1.3173e+00	-1.0604e+00	-4.7290e-01	-1.2056e+00
2.9067e+02	1.4191e+00	1.0266e+00	-5.8210e-01	1.3188e+00	-1.0596e+00	-4.7390e-01	-1.2072e+00
2.9067e+02	1.4180e+00	1.0264e+00	-5.8200e-01	1.3202e+00	-1.0588e+00	-4.7480e-01	-1.2089e+00
2.9067e+02	1.4169e+00	1.0263e+00	-5.8190e-01	1.3216e+00	-1.0581e+00	-4.7570e-01	-1.2108e+00
2.9067e+02	1.4159e+00	1.0261e+00	-5.8180e-01	1.3229e+00	-1.0574e+00	-4.7660e-01	-1.2127e+00
2.9067e+02	1.4148e+00	1.0259e+00	-5.8170e-01	1.3241e+00	-1.0568e+00	-4.7740e-01	-1.2146e+00
2.9068e+02	1.4137e+00	1.0258e+00	-5.8160e-01	1.3253e+00	-1.0562e+00	-4.7820e-01	-1.2166e+00
2.9068e+02	1.4127e+00	1.0256e+00	-5.8140e-01	1.3264e+00	-1.0555e+00	-4.7890e-01	-1.2186e+00
2.9068e+02	1.4117e+00	1.0254e+00	-5.8120e-01	1.3275e+00	-1.0548e+00	-4.7970e-01	-1.2205e+00
2.9068e+02	1.4107e+00	1.0252e+00	-5.8110e-01	1.3284e+00	-1.0541e+00	-4.8060e-01	-1.2224e+00
2.9068e+02	1.4098e+00	1.0249e+00	-5.8090e-01	1.3293e+00	-1.0533e+00	-4.8150e-01	-1.2244e+00
2.9069e+02	1.4088e+00	1.0247e+00	-5.8070e-01	1.3302e+00	-1.0525e+00	-4.8250e-01	-1.2264e+00
2.9069e+02	1.4079e+00	1.0244e+00	-5.8060e-01	1.3311e+00	-1.0515e+00	-4.8350e-01	-1.2284e+00
2.9069e+02	1.4070e+00	1.0241e+00	-5.8040e-01	1.3320e+00	-1.0506e+00	-4.8440e-01	-1.2305e+00
2.9069e+02	1.4060e+00	1.0239e+00	-5.8020e-01	1.3328e+00	-1.0497e+00	-4.8520e-01	-1.2326e+00
2.9069e+02	1.4051e+00	1.0237e+00	-5.8010e-01	1.3336e+00	-1.0489e+00	-4.8610e-01	-1.2348e+00
2.9070e+02	1.4042e+00	1.0234e+00	-5.8000e-01	1.3343e+00	-1.0481e+00	-4.8680e-01	-1.2371e+00
2.9070e+02	1.4034e+00	1.0232e+00	-5.7980e-01	1.3350e+00	-1.0475e+00	-4.8740e-01	-1.2394e+00
2.9070e+02	1.4025e+00	1.0229e+00	-5.7970e-01	1.3357e+00	-1.0469e+00	-4.8800e-01	-1.2416e+00
2.9070e+02	1.4017e+00	1.0227e+00	-5.7960e-01	1.3363e+00	-1.0464e+00	-4.8850e-01	-1.2438e+00
2.9070e+02	1.4008e+00	1.0224e+00	-5.7950e-01	1.3369e+00	-1.0458e+00	-4.8900e-01	-1.2459e+00
2.9071e+02	1.4000e+00	1.0220e+00	-5.7930e-01	1.3374e+00	-1.0453e+00	-4.8960e-01	-1.2480e+00
2.9071e+02	1.3992e+00	1.0217e+00	-5.7920e-01	1.3380e+00	-1.0447e+00	-4.9010e-01	-1.2501e+00
2.9071e+02	1.3984e+00	1.0214e+00	-5.7900e-01	1.3385e+00	-1.0441e+00	-4.9070e-01	-1.2521e+00
2.9071e+02	1.3976e+00	1.0211e+00	-5.7890e-01	1.3389e+00	-1.0435e+00	-4.9120e-01	-1.2541e+00
2.9071e+02	1.3969e+00	1.0208e+00	-5.7880e-01	1.3393e+00	-1.0430e+00	-4.9180e-01	-1.2561e+00
2.9072e+02	1.3961e+00	1.0204e+00	-5.7880e-01	1.3396e+00	-1.0425e+00	-4.9220e-01	-1.2580e+00
2.9072e+02	1.3954e+00	1.0201e+00	-5.7870e-01	1.3400e+00	-1.0421e+00	-4.9270e-01	-1.2599e+00
2.9072e+02	1.3947e+00	1.0198e+00	-5.7870e-01	1.3404e+00	-1.0418e+00	-4.9300e-01	-1.2618e+00
2.9072e+02	1.3940e+00	1.0194e+00	-5.7860e-01	1.3407e+00	-1.0416e+00	-4.9330e-01	-1.2635e+00
2.9072e+02	1.3933e+00	1.0191e+00	-5.7850e-01	1.3410e+00	-1.0414e+00	-4.9360e-01	-1.2652e+00
2.9073e+02	1.3927e+00	1.0187e+00	-5.7840e-01	1.3413e+00	-1.0413e+00	-4.9370e-01	-1.2668e+00
2.9073e+02	1.3920e+00	1.0184e+00	-5.7840e-01	1.3416e+00	-1.0412e+00	-4.9380e-01	-1.2683e+00
2.9073e+02	1.3914e+00	1.0180e+00	-5.7840e-01	1.3418e+00	-1.0411e+00	-4.9390e-01	-1.2698e+00
2.9073e+02	1.3908e+00	1.0177e+00	-5.7840e-01	1.3420e+00	-1.0411e+00	-4.9390e-01	-1.2711e+00
2.9073e+02	1.3903e+00	1.0173e+00	-5.7840e-01	1.3422e+00	-1.0412e+00	-4.9380e-01	-1.2723e+00
2.9074e+02	1.3897e+00	1.0169e+00	-5.7830e-01	1.3424e+00	-1.0412e+00	-4.9370e-01	-1.2735e+00
2.9074e+02	1.3892e+00	1.0166e+00	-5.7830e-01	1.3425e+00	-1.0412e+00	-4.9370e-01	-1.2745e+00
2.9074e+02	1.3887e+00	1.0162e+00	-5.7840e-01	1.3426e+00	-1.0412e+00	-4.9360e-01	-1.2755e+00
2.9074e+02	1.3882e+00	1.0158e+00	-5.7840e-01	1.3428e+00	-1.0412e+00	-4.9360e-01	-1.2764e+00
2.9074e+02	1.3877e+00	1.0154e+00	-5.7850e-01	1.3430e+00	-1.0413e+00	-4.9350e-01	-1.2772e+00
2.9075e+02	1.3872e+00	1.0150e+00	-5.7860e-01	1.3431e+00	-1.0414e+00	-4.9330e-01	-1.2780e+00
2.9075e+02	1.3868e+00	1.0146e+00	-5.7880e-01	1.3431e+00	-1.0416e+00	-4.9320e-01	-1.2788e+00
2.9075e+02	1.3863e+00	1.0141e+00	-5.7900e-01	1.3431e+00	-1.0417e+00	-4.9300e-01	-1.2795e+00
2.9075e+02	1.3859e+00	1.0137e+00	-5.7920e-01	1.3432e+00	-1.0418e+00	-4.9290e-01	-1.2801e+00
2.9075e+02	1.3855e+00	1.0132e+00	-5.7940e-01	1.3433e+00	-1.0419e+00	-4.9280e-01	-1.2807e+00
2.9076e+02	1.3852e+00	1.0128e+00	-5.7970e-01	1.3434e+00	-1.0420e+00	-4.9260e-01	-1.2812e+00
2.9076e+02	1.3849e+00	1.0123e+00	-5.8000e-01	1.3435e+00	-1.0422e+00	-4.9240e-01	-1.2817e+00
2.9076e+02	1.3845e+00	1.0119e+00	-5.8030e-01	1.3436e+00	-1.0424e+00	-4.9220e-01	-1.2822e+00
2.9076e+02	1.3843e+00	1.0115e+00	-5.8060e-01	1.3437e+00	-1.0427e+00	-4.9190e-01	-1.2827e+00
2.9076e+02	1.3840e+00	1.0110e+00	-5.8100e-01	1.3437e+00	-1.0429e+00	-4.9170e-01	-1.2832e+00
2.9077e+02	1.3838e+00	1.0106e+00	-5.8130e-01	1.3437e+00	-1.0431e+00	-4.9140e-01	-1.2837e+00
2.9077e+02	1.3836e+00	1.0101e+00	-5.8170e-01	1.3438e+00	-1.0434e+00	-4.9110e-01	-1.2841e+00
2.9077e+02	1.3834e+00	1.0097e+00	-5.8220e-01	1.3438e+00	-1.0437e+00	-4.9080e-01	-1.2846e+00
2.9077e+02	1.3833e+00	1.0092e+00	-5.8260e-01	1.3438e+00	-1.0440e+00	-4.9040e-01	-1.2850e+00
2.9077e+02	1.3832e+00	1.0088e+00	-5.8310e-01	1.3438e+00	-1.0444e+00	-4.9000e-01	-1.2854e+00
2.9078e+02	1.3831e+00	1.0083e+00	-5.8360e-01	1.3438e+00	-1.0447e+00	-4.8960e-01	-1.2858e+00
2.9078e+02	1.3830e+00	1.0078e+00	-5.8410e-01	1.3438e+00	-1.0450e+00	-4.8910e-01	-1.2861e+00
2.9078e+02	1.3829e+00	1.0072e+00	-5.8470e-01	1.3438e+00	-1.0454e+00	-4.8860e-01	-1.2863e+00
2.9078e+02	1.3828e+00	1.0067e+00	-5.8520e-01	1.3437e+00	-1.0458e+00	-4.8810e-01	-1.2865e+00
2.9078e+02	1.3827e+00	1.0062e+00	-5.8580e-01	1.3437e+00	-1.0461e+00	-4.8760e-01	-1.2867e+00
2.9079e+02	1.3827e+00	1.0057e+00	-5.8650e-01	1.3437e+00	-1.0464e+00	-4.8700e-01	-1.2867e+00
2.9079e+02	1.3827e+00	1.0052e+00	-5.8720e-01	1.3437e+00	-1.0466e+00	-4.8650e-01	-1.2867e+00
2.9079e+02	1.3827e+00	1.0046e+00	-5.8790e-01	1.3437e+00	-1.0469e+00	-4.8600e-01	-1.2867e+00
2.9079e+02	1.3827e+00	1.0041e+00	-5.8880e-01	1.3437e+00	-1.0472e+00	-4.8540e-01	-1.2866e+00
2.9079e+02	1.3827e+00	1.0035e+00	-5.8950e-01	1.3437e+00	-1.0474e+00	-4.8490e-01	-1.2864e+00
2.9080e+02	1.3827e+00	1.0029e+00	-5.9030e-01	1.3437e+00	-1.0476e+00	-4.8440e-01	-1.2863e+00
2.9080e+02	1.3827e+00	1.0024e+00	-5.9120e-01	1.3437e+00	-1.0477e+00	-4.8400e-01	-1.2861e+00
2.9080e+02	1.3827e+00	1.0018e+00	-5.9200e-01	1.3437e+00	-1.0478e+00	-4.8360e-01	-1.2860e+00
2.9080e+02	1.3827e+00	1.0013e+00	-5.9280e-01	1.3436e+00	-1.0478e+00	-4.8310e-01	-1.2859e+00
2.9080e+02	1.3827e+00	1.0007e+00	-5.9360e-01	1.3436e+00	-1.0479e+00	-4.8280e-01	-1.2858e+00
2.9081e+02	1.3827e+00	1.0002e+00	-5.9450e-01	1.3436e+00	-1.0479e+00	-4.8240e-01	-1.2858e+00
2.9081e+02	1.3828e+00	9.9960e-01	-5.9530e-01	1.3436e+00	-1.0478e+00	-4.8210e-01	-1.2857e+00
2.9081e+02	1.3828e+00	9.9900e-01	-5.9620e-01	1.3435e+00	-1.0477e+00	-4.8170e-01	-1.2857e+00
2.9081e+02	1.3828e+00	9.9840e-01	-5.9710e-01	1.3435e+00	-1.0476e+00	-4.8130e-01	-1.2857e+00
2.9081e+02	1.3829e+00	9.9780e-01	-5.9790e-01	1.3434e+00	-1.0474e+00	-4.8090e-01	-1.2856e+00
2.9082e+02	1.3829e+00	9.9710e-01	-5.9870e-01	1.3434e+00	-1.0472e+00	-4.8040e-01	-1.2856e+00
2.9082e+02	1.3830e+00	9.9650e-01	-5.9950e-01	1.3434e+00	-1.0469e+00	-4.7990e-01	-1.2856e+00
2.9082e+02	1.3830e+00	9.9580e-01	-6.0040e-01	1.3433e+00	-1.0465e+00	-4.7940e-01	-1.2855e+00
2.9082e+02	1.3830e+00	9.9520e-01	-6.0120e-01	1.3433e+00	-1.0460e+00	-4.7890e-01	-1.2855e+00
2.9082e+02	1.3831e+00	9.9450e-01	-6.0200e-01	1.3432e+00	-1.0454e+00	-4.7850e-01	-1.2854e+00
2.9083e+02	1.3831e+00	9.9390e-01	-6.0280e-01	1.3432e+00	-1.0448e+00	-4.7810e-01	-1.2854e+00
2.9083e+02	1.3831e+00	9.9320e-01	-6.0350e-01	1.3431e+00	-1.0443e+00	-4.7780e-01	-1.2854e+00
2.9083e+02	1.3832e+00	9.9260e-01	-6.0430e-01	1.3429e+00	-1.0437e+00	-4.7740e-01	-1.2853e+00
2.9083e+02	1.3832e+00	9.9190e-01	-6.0510e-01	1.3428e+00	-1.0430e+00	-4.7700e-01	-1.2852e+00
2.9083e+02	1.3832e+00	9.9120e-01	-6.0590e-01	1.3427e+00	-1.0424e+00	-4.7660e-01	-1.2851e+00
2.9084e+02	1.3832e+00	9.9050e-01	-6.0660e-01	1.3426e+00	-1.0419e+00	-4.7620e-01	-1.2850e+00
2.9084e+02	1.3832e+00	9.8980e-01	-6.0730e-01	1.3425e+00	-1.0413e+00	-4.7570e-01	-1.2849e+00
2.9084e+02	1.3832e+00	9.8900e-01	-6.0810e-01	1.3423e+00	-1.0408e+00	-4.7530e-01	-1.2848e+00
2.9084e+02	1.3832e+00	9.8830e-01	-6.0880e-01	1.3421e+00	-1.0402e+00	-4.7480e-01	-1.2847e+00
2.9084e+02	1.3832e+00	9.8770e-01	-6.0940e-01	1.3419e+00	-1.0397e+00	-4.7440e-01	-1.2846e+00
