3.0275e+02	1.5667e+00	-5.4000e-03	-5.3400e-01	1.4517e+00	-1.2574e+00	-1.3880e-01	-1.0792e+00
3.0275e+02	1.5667e+00	-4.8000e-03	-5.3440e-01	1.4519e+00	-1.2572e+00	-1.3910e-01	-1.0792e+00
3.0275e+02	1.5667e+00	-4.1000e-03	-5.3480e-01	1.4522e+00	-1.2571e+00	-1.3940e-01	-1.0792e+00
3.0275e+02	1.5667e+00	-3.4000e-03	-5.3530e-01	1.4524e+00	-1.2570e+00	-1.3970e-01	-1.0792e+00
3.0276e+02	1.5667e+00	-2.7000e-03	-5.3570e-01	1.4526e+00	-1.2568e+00	-1.4010e-01	-1.0792e+00
3.0276e+02	1.5667e+00	-1.9000e-03	-5.3610e-01	1.4529e+00	-1.2567e+00	-1.4050e-01	-1.0792e+00
3.0276e+02	1.5667e+00	-1.1000e-03	-5.3650e-01	1.4531e+00	-1.2567e+00	-1.4090e-01	-1.0792e+00
3.0276e+02	1.5667e+00	-2.0000e-04	-5.3690e-01	1.4534e+00	-1.2566e+00	-1.4130e-01	-1.0792e+00
3.0276e+02	1.5667e+00	6.0000e-04	-5.3740e-01	1.4537e+00	-1.2566e+00	-1.4170e-01	-1.0792e+00
3.0277e+02	1.5667e+00	1.5000e-03	-5.3790e-01	1.4540e+00	-1.2565e+00	-1.4210e-01	-1.0792e+00
3.0277e+02	1.5667e+00	2.4000e-03	-5.3840e-01	1.4543e+00	-1.2564e+00	-1.4250e-01	-1.0792e+00
3.0277e+02	1.5667e+00	3.4000e-03	-5.3890e-01	1.4545e+00	-1.2562e+00	-1.4290e-01	-1.0792e+00
3.0277e+02	1.5667e+00	4.3000e-03	-5.3940e-01	1.4548e+00	-1.2561e+00	-1.4340e-01	-1.0792e+00
3.0277e+02	1.5667e+00	5.3000e-03	-5.4000e-01	1.4552e+00	-1.2560e+00	-1.4380e-01	-1.0792e+00
3.0278e+02	1.5667e+00	6.2000e-03	-5.4060e-01	1.4555e+00	-1.2559e+00	-1.4420e-01	-1.0792e+00
3.0278e+02	1.5667e+00	7.3000e-03	-5.4120e-01	1.4559e+00	-1.2557e+00	-1.4470e-01	-1.0792e+00
3.0278e+02	1.5667e+00	8.3000e-03	-5.4180e-01	1.4562e+00	-1.2555e+00	-1.4510e-01	-1.0791e+00
3.0278e+02	1.5667e+00	9.4000e-03	-5.4250e-01	1.4566e+00	-1.2553e+00	-1.4550e-01	-1.0791e+00
3.0278e+02	1.5667e+00	1.0500e-02	-5.4310e-01	1.4570e+00	-1.2550e+00	-1.4600e-01	-1.0791e+00
3.0279e+02	1.5667e+00	1.1600e-02	-5.4380e-01	1.4574e+00	-1.2548e+00	-1.4650e-01	-1.0791e+00
3.0279e+02	1.5667e+00	1.2800e-02	-5.4450e-01	1.4579e+00	-1.2545e+00	-1.4690e-01	-1.0790e+00
3.0279e+02	1.5667e+00	1.3900e-02	-5.4520e-01	1.4583e+00	-1.2542e+00	-1.4750e-01	-1.0790e+00
3.0279e+02	1.5667e+00	1.5100e-02	-5.4590e-01	1.4588e+00	-1.2539e+00	-1.4800e-01	-1.0790e+00
3.0279e+02	1.5667e+00	1.6400e-02	-5.4670e-01	1.4593e+00	-1.2535e+00	-1.4850e-01	-1.0790e+00
3.0280e+02	1.5667e+00	1.7700e-02	-5.4760e-01	1.4598e+00	-1.2531e+00	-1.4900e-01	-1.0789e+00
3.0280e+02	1.5667e+00	1.9000e-02	-5.4850e-01	1.4603e+00	-1.2526e+00	-1.4960e-01	-1.0789e+00
3.0280e+02	1.5667e+00	2.0300e-02	-5.4930e-01	1.4608e+00	-1.2520e+00	-1.5020e-01	-1.0789e+00
3.0280e+02	1.5667e+00	2.1700e-02	-5.5020e-01	1.4613e+00	-1.2514e+00	-1.5080e-01	-1.0789e+00
3.0280e+02	1.5667e+00	2.3100e-02	-5.5100e-01	1.4618e+00	-1.2507e+00	-1.5150e-01	-1.0789e+00
3.0281e+02	1.5667e+00	2.4500e-02	-5.5190e-01	1.4623e+00	-1.2500e+00	-1.5210e-01	-1.0789e+00
3.0281e+02	1.5667e+00	2.6000e-02	-5.5280e-01	1.4628e+00	-1.2492e+00	-1.5280e-01	-1.0789e+00
3.0281e+02	1.5667e+00	2.7500e-02	-5.5370e-01	1.4634e+00	-1.2484e+00	-1.5360e-01	-1.0790e+00
3.0281e+02	1.5667e+00	2.9000e-02	-5.5470e-01	1.4640e+00	-1.2477e+00	-1.5430e-01	-1.0790e+00
3.0281e+02	1.5667e+00	3.0500e-02	-5.5560e-01	1.4645e+00	-1.2469e+00	-1.5500e-01	-1.0790e+00
3.0282e+02	1.5667e+00	3.2000e-02	-5.5650e-01	1.4652e+00	-1.2462e+00	-1.5570e-01	-1.0791e+00
3.0282e+02	1.5667e+00	3.3700e-02	-5.5760e-01	1.4658e+00	-1.2455e+00	-1.5640e-01	-1.0791e+00
3.0282e+02	1.5667e+00	3.5300e-02	-5.5870e-01	1.4664e+00	-1.2448e+00	-1.5710e-01	-1.0791e+00
3.0282e+02	1.5667e+00	3.6900e-02	-5.5970e-01	1.4671e+00	-1.2441e+00	-1.5780e-01	-1.0791e+00
3.0282e+02	1.5667e+00	3.8700e-02	-5.6080e-01	1.4677e+00	-1.2434e+00	-1.5850e-01	-1.0790e+00
3.0283e+02	1.5667e+00	4.0400e-02	-5.6180e-01	1.4683e+00	-1.2427e+00	-1.5930e-01	-1.0790e+00
3.0283e+02	1.5667e+00	4.2100e-02	-5.6290e-01	1.4690e+00	-1.2419e+00	-1.6010e-01	-1.0790e+00
3.0283e+02	1.5667e+00	4.4000e-02	-5.6400e-01	1.4697e+00	-1.2411e+00	-1.6090e-01	-1.0790e+00
3.0283e+02	1.5667e+00	4.5800e-02	-5.6530e-01	1.4704e+00	-1.2403e+00	-1.6170e-01	-1.0790e+00
3.0283e+02	1.5667e+00	4.7700e-02	-5.6650e-01	1.4711e+00	-1.2393e+00	-1.6260e-01	-1.0790e+00
3.0284e+02	1.5667e+00	4.9600e-02	-5.6770e-01	1.4718e+00	-1.2384e+00	-1.6350e-01	-1.0791e+00
3.0284e+02	1.5667e+00	5.1500e-02	-5.6890e-01	1.4725e+00	-1.2374e+00	-1.6440e-01	-1.0791e+00
3.0284e+02	1.5667e+00	5.3400e-02	-5.7010e-01	1.4732e+00	-1.2364e+00	-1.6530e-01	-1.0791e+00
3.0284e+02	1.5667e+00	5.5400e-02	-5.7140e-01	1.4740e+00	-1.2353e+00	-1.6630e-01	-1.0791e+00
3.0284e+02	1.5667e+00	5.7400e-02	-5.7270e-01	1.4747e+00	-1.2343e+00	-1.6730e-01	-1.0790e+00
3.0285e+02	1.5667e+00	5.9400e-02	-5.7400e-01	1.4754e+00	-1.2332e+00	-1.6830e-01	-1.0790e+00
3.0285e+02	1.5667e+00	6.1600e-02	-5.7530e-01	1.4762e+00	-1.2321e+00	-1.6930e-01	-1.0790e+00
3.0285e+02	1.5667e+00	6.3700e-02	-5.7660e-01	1.4770e+00	-1.2309e+00	-1.7020e-01	-1.0790e+00
3.0285e+02	1.5667e+00	6.5700e-02	-5.7780e-01	1.4779e+00	-1.2297e+00	-1.7120e-01	-1.0789e+00
3.0285e+02	1.5667e+00	6.7900e-02	-5.7920e-01	1.4788e+00	-1.2286e+00	-1.7230e-01	-1.0789e+00
3.0286e+02	1.5667e+00	7.0100e-02	-5.8060e-01	1.4796e+00	-1.2274e+00	-1.7340e-01	-1.0789e+00
3.0286e+02	1.5667e+00	7.2300e-02	-5.8190e-01	1.4804e+00	-1.2263e+00	-1.7460e-01	-1.0789e+00
3.0286e+02	1.5667e+00	7.4600e-02	-5.8340e-01	1.4813e+00	-1.2250e+00	-1.7580e-01	-1.0789e+00
3.0286e+02	1.5667e+00	7.6800e-02	-5.8480e-01	1.4820e+00	-1.2238e+00	-1.7700e-01	-1.0789e+00
3.0286e+02	1.5667e+00	7.9100e-02	-5.8610e-01	1.4829e+00	-1.2225e+00	-1.7820e-01	-1.0789e+00
3.0287e+02	1.5667e+00	8.1400e-02	-5.8750e-01	1.4837e+00	-1.2213e+00	-1.7940e-01	-1.0788e+00
3.0287e+02	1.5667e+00	8.3800e-02	-5.8890e-01	1.4845e+00	-1.2201e+00	-1.8060e-01	-1.0788e+00
3.0287e+02	1.5667e+00	8.6200e-02	-5.9030e-01	1.4854e+00	-1.2190e+00	-1.8170e-01	-1.0788e+00
3.0287e+02	1.5667e+00	8.8600e-02	-5.9180e-01	1.4863e+00	-1.2179e+00	-1.8290e-01	-1.0787e+00
3.0287e+02	1.5666e+00	9.1100e-02	-5.9320e-01	1.4872e+00	-1.2168e+00	-1.8400e-01	-1.0787e+00
3.0288e+02	1.5666e+00	9.3500e-02	-5.9460e-01	1.4881e+00	-1.2156e+00	-1.8530e-01	-1.0787e+00
3.0288e+02	1.5666e+00	9.6100e-02	-5.9610e-01	1.4890e+00	-1.2145e+00	-1.8650e-01	-1.0787e+00
3.0288e+02	1.5666e+00	9.8500e-02	-5.9750e-01	1.4899e+00	-1.2132e+00	-1.8790e-01	-1.0788e+00
3.0288e+02	1.5666e+00	1.0100e-01	-5.9890e-01	1.4909e+00	-1.2119e+00	-1.8920e-01	-1.0788e+00
3.0288e+02	1.5666e+00	1.0370e-01	-6.0050e-01	1.4918e+00	-1.2105e+00	-1.9060e-01	-1.0788e+00
3.0289e+02	1.5666e+00	1.0620e-01	-6.0200e-01	1.4927e+00	-1.2091e+00	-1.9200e-01	-1.0788e+00
3.0289e+02	1.5666e+00	1.0880e-01	-6.0350e-01	1.4936e+00	-1.2076e+00	-1.9340e-01	-1.0788e+00
3.0289e+02	1.5666e+00	1.1150e-01	-6.0500e-01	1.4946e+00	-1.2061e+00	-1.9490e-01	-1.0788e+00
3.0289e+02	1.5666e+00	1.1420e-01	-6.0650e-01	1.4955e+00	-1.2047e+00	-1.9630e-01	-1.0788e+00
3.0289e+02	1.5665e+00	1.1690e-01	-6.0800e-01	1.4965e+00	-1.2032e+00	-1.9780e-01	-1.0788e+00
3.0290e+02	1.5665e+00	1.1970e-01	-6.0950e-01	1.4974e+00	-1.2016e+00	-1.9940e-01	-1.0788e+00
3.0290e+02	1.5665e+00	1.2260e-01	-6.1110e-01	1.4984e+00	-1.2000e+00	-2.0100e-01	-1.0788e+00
3.0290e+02	1.5665e+00	1.2540e-01	-6.1260e-01	1.4994e+00	-1.1984e+00	-2.0260e-01	-1.0788e+00
3.0290e+02	1.5665e+00	1.2830e-01	-6.1420e-01	1.5004e+00	-1.1968e+00	-2.0410e-01	-1.0788e+00
3.0290e+02	1.5664e+00	1.3120e-01	-6.1570e-01	1.5014e+00	-1.1953e+00	-2.0560e-01	-1.0789e+00
3.0291e+02	1.5664e+00	1.3410e-01	-6.1730e-01	1.5025e+00	-1.1938e+00	-2.0710e-01	-1.0789e+00
3.0291e+02	1.5664e+00	1.3710e-01	-6.1900e-01	1.5034e+00	-1.1923e+00	-2.0860e-01	-1.0789e+00
3.0291e+02	1.5663e+00	1.4010e-01	-6.2060e-01	1.5043e+00	-1.1908e+00	-2.1010e-01	-1.0789e+00
3.0291e+02	1.5663e+00	1.4320e-01	-6.2210e-01	1.5053e+00	-1.1892e+00	-2.1170e-01	-1.0789e+00
3.0291e+02	1.5663e+00	1.4630e-01	-6.2390e-01	1.5064e+00	-1.1876e+00	-2.1330e-01	-1.0789e+00
3.0292e+02	1.5662e+00	1.4930e-01	-6.2550e-01	1.5074e+00	-1.1860e+00	-2.1500e-01	-1.0789e+00
3.0292e+02	1.5662e+00	1.5230e-01	-6.2710e-01	1.5084e+00	-1.1844e+00	-2.1670e-01	-1.0790e+00
3.0292e+02	1.5661e+00	1.5560e-01	-6.2880e-01	1.5093e+00	-1.1827e+00	-2.1840e-01	-1.0790e+00
3.0292e+02	1.5661e+00	1.5880e-01	-6.3040e-01	1.5103e+00	-1.1810e+00	-2.2000e-01	-1.0791e+00
3.0292e+02	1.5661e+00	1.6200e-01	-6.3210e-01	1.5113e+00	-1.1794e+00	-2.2170e-01	-1.0791e+00
3.0293e+02	1.5660e+00	1.6540e-01	-6.3380e-01	1.5123e+00	-1.1776e+00	-2.2340e-01	-1.0792e+00
3.0293e+02	1.5660e+00	1.6860e-01	-6.3540e-01	1.5132e+00	-1.1758e+00	-2.2530e-01	-1.0792e+00
3.0293e+02	1.5660e+00	1.7190e-01	-6.3690e-01	1.5142e+00	-1.1740e+00	-2.2710e-01	-1.0793e+00
3.0293e+02	1.5659e+00	1.7530e-01	-6.3860e-01	1.5152e+00	-1.1722e+00	-2.2890e-01	-1.0793e+00
3.0293e+02	1.5659e+00	1.7870e-01	-6.4020e-01	1.5162e+00	-1.1705e+00	-2.3070e-01	-1.0794e+00
3.0294e+02	1.5658e+00	1.8200e-01	-6.4190e-01	1.5173e+00	-1.1687e+00	-2.3250e-01	-1.0794e+00
3.0294e+02	1.5658e+00	1.8550e-01	-6.4350e-01	1.5184e+00	-1.1669e+00	-2.3430e-01	-1.0794e+00
3.0294e+02	1.5657e+00	1.8910e-01	-6.4510e-01	1.5194e+00	-1.1651e+00	-2.3610e-01	-1.0794e+00
3.0294e+02	1.5656e+00	1.9260e-01	-6.4670e-01	1.5204e+00	-1.1631e+00	-2.3790e-01	-1.0795e+00
3.0294e+02	1.5656e+00	1.9620e-01	-6.4850e-01	1.5214e+00	-1.1611e+00	-2.3990e-01	-1.0796e+00
3.0295e+02	1.5655e+00	1.9970e-01	-6.5020e-01	1.5224e+00	-1.1590e+00	-2.4190e-01	-1.0797e+00
3.0295e+02	1.5654e+00	2.0330e-01	-6.5180e-01	1.5234e+00	-1.1570e+00	-2.4380e-01	-1.0798e+00
3.0295e+02	1.5653e+00	2.0700e-01	-6.5360e-01	1.5245e+00	-1.1550e+00	-2.4580e-01	-1.0799e+00
3.0295e+02	1.5651e+00	2.1080e-01	-6.5550e-01	1.5256e+00	-1.1531e+00	-2.4770e-01	-1.0800e+00
3.0295e+02	1.5650e+00	2.1450e-01	-6.5730e-01	1.5267e+00	-1.1510e+00	-2.4970e-01	-1.0801e+00
3.0296e+02	1.5649e+00	2.1840e-01	-6.5900e-01	1.5277e+00	-1.1490e+00	-2.5180e-01	-1.0802e+00
3.0296e+02	1.5647e+00	2.2220e-01	-6.6070e-01	1.5286e+00	-1.1469e+00	-2.5390e-01	-1.0804e+00
3.0296e+02	1.5646e+00	2.2600e-01	-6.6250e-01	1.5296e+00	-1.1448e+00	-2.5610e-01	-1.0805e+00
3.0296e+02	1.5644e+00	2.3000e-01	-6.6430e-01	1.5306e+00	-1.1427e+00	-2.5820e-01	-1.0807e+00
3.0296e+02	1.5643e+00	2.3400e-01	-6.6610e-01	1.5317e+00	-1.1406e+00	-2.6040e-01	-1.0810e+00
3.0297e+02	1.5641e+00	2.3800e-01	-6.6790e-01	1.5327e+00	-1.1384e+00	-2.6250e-01	-1.0812e+00
3.0297e+02	1.5639e+00	2.4210e-01	-6.6970e-01	1.5337e+00	-1.1363e+00	-2.6470e-01	-1.0814e+00
3.0297e+02	1.5637e+00	2.4620e-01	-6.7130e-01	1.5347e+00	-1.1342e+00	-2.6690e-01	-1.0817e+00
3.0297e+02	1.5635e+00	2.5030e-01	-6.7280e-01	1.5357e+00	-1.1322e+00	-2.6900e-01	-1.0820e+00
3.0297e+02	1.5633e+00	2.5450e-01	-6.7450e-01	1.5367e+00	-1.1302e+00	-2.7110e-01	-1.0824e+00
3.0298e+02	1.5630e+00	2.5870e-01	-6.7620e-01	1.5377e+00	-1.1283e+00	-2.7310e-01	-1.0827e+00
3.0298e+02	1.5628e+00	2.6290e-01	-6.7790e-01	1.5388e+00	-1.1264e+00	-2.7520e-01	-1.0830e+00
3.0298e+02	1.5625e+00	2.6730e-01	-6.7960e-01	1.5397e+00	-1.1244e+00	-2.7740e-01	-1.0833e+00
3.0298e+02	1.5622e+00	2.7180e-01	-6.8110e-01	1.5407e+00	-1.1224e+00	-2.7960e-01	-1.0836e+00
3.0298e+02	1.5619e+00	2.7620e-01	-6.8270e-01	1.5417e+00	-1.1204e+00	-2.8190e-01	-1.0839e+00
3.0299e+02	1.5616e+00	2.8050e-01	-6.8420e-01	1.5426e+00	-1.1184e+00	-2.8420e-01	-1.0841e+00
3.0299e+02	1.5612e+00	2.8470e-01	-6.8570e-01	1.5435e+00	-1.1165e+00	-2.8640e-01	-1.0843e+00
3.0299e+02	1.5608e+00	2.8910e-01	-6.8720e-01	1.5445e+00	-1.1146e+00	-2.8850e-01	-1.0845e+00
3.0299e+02	1.5604e+00	2.9380e-01	-6.8880e-01	1.5455e+00	-1.1127e+00	-2.9060e-01	-1.0846e+00
3.0299e+02	1.5600e+00	2.9840e-01	-6.9000e-01	1.5464e+00	-1.1109e+00	-2.9270e-01	-1.0847e+00
3.0300e+02	1.5596e+00	3.0300e-01	-6.9120e-01	1.5474e+00	-1.1090e+00	-2.9480e-01	-1.0848e+00
3.0300e+02	1.5591e+00	3.0770e-01	-6.9270e-01	1.5483e+00	-1.1072e+00	-2.9690e-01	-1.0849e+00
3.0300e+02	1.5587e+00	3.1240e-01	-6.9420e-01	1.5493e+00	-1.1053e+00	-2.9890e-01	-1.0850e+00
3.0300e+02	1.5582e+00	3.1710e-01	-6.9550e-01	1.5503e+00	-1.1034e+00	-3.0100e-01	-1.0850e+00
3.0300e+02	1.5577e+00	3.2190e-01	-6.9690e-01	1.5512e+00	-1.1015e+00	-3.0310e-01	-1.0850e+00
3.0301e+02	1.5571e+00	3.2670e-01	-6.9810e-01	1.5521e+00	-1.0996e+00	-3.0530e-01	-1.0850e+00
3.0301e+02	1.5565e+00	3.3150e-01	-6.9930e-01	1.5531e+00	-1.0976e+00	-3.0740e-01	-1.0850e+00
3.0301e+02	1.5559e+00	3.3640e-01	-7.0070e-01	1.5539e+00	-1.0956e+00	-3.0960e-01	-1.0850e+00
3.0301e+02	1.5553e+00	3.4110e-01	-7.0210e-01	1.5548e+00	-1.0936e+00	-3.1180e-01	-1.0850e+00
3.0301e+02	1.5547e+00	3.4600e-01	-7.0320e-01	1.5556e+00	-1.0915e+00	-3.1400e-01	-1.0850e+00
3.0302e+02	1.5540e+00	3.5100e-01	-7.0430e-01	1.5566e+00	-1.0894e+00	-3.1620e-01	-1.0850e+00
3.0302e+02	1.5533e+00	3.5600e-01	-7.0520e-01	1.5574e+00	-1.0873e+00	-3.1830e-01	-1.0850e+00
3.0302e+02	1.5526e+00	3.6100e-01	-7.0610e-01	1.5582e+00	-1.0851e+00	-3.2040e-01	-1.0850e+00
3.0302e+02	1.5519e+00	3.6610e-01	-7.0720e-01	1.5590e+00	-1.0829e+00	-3.2250e-01	-1.0850e+00
3.0302e+02	1.5511e+00	3.7100e-01	-7.0820e-01	1.5598e+00	-1.0807e+00	-3.2460e-01	-1.0850e+00
3.0303e+02	1.5503e+00	3.7610e-01	-7.0900e-01	1.5606e+00	-1.0786e+00	-3.2670e-01	-1.0850e+00
3.0303e+02	1.5495e+00	3.8140e-01	-7.0990e-01	1.5614e+00	-1.0764e+00	-3.2880e-01	-1.0850e+00
3.0303e+02	1.5487e+00	3.8680e-01	-7.1080e-01	1.5622e+00	-1.0741e+00	-3.3100e-01	-1.0850e+00
3.0303e+02	1.5478e+00	3.9200e-01	-7.1170e-01	1.5629e+00	-1.0719e+00	-3.3310e-01	-1.0850e+00
3.0303e+02	1.5469e+00	3.9740e-01	-7.1250e-01	1.5636e+00	-1.0697e+00	-3.3530e-01	-1.0851e+00
3.0304e+02	1.5459e+00	4.0280e-01	-7.1310e-01	1.5643e+00	-1.0675e+00	-3.3750e-01	-1.0851e+00
3.0304e+02	1.5449e+00	4.0830e-01	-7.1360e-01	1.5650e+00	-1.0652e+00	-3.3960e-01	-1.0852e+00
3.0304e+02	1.5439e+00	4.1390e-01	-7.1450e-01	1.5655e+00	-1.0630e+00	-3.4170e-01	-1.0852e+00
3.0304e+02	1.5429e+00	4.1940e-01	-7.1540e-01	1.5661e+00	-1.0609e+00	-3.4370e-01	-1.0853e+00
3.0304e+02	1.5419e+00	4.2500e-01	-7.1610e-01	1.5666e+00	-1.0587e+00	-3.4570e-01	-1.0854e+00
3.0305e+02	1.5409e+00	4.3070e-01	-7.1680e-01	1.5672e+00	-1.0566e+00	-3.4770e-01	-1.0855e+00
3.0305e+02	1.5398e+00	4.3620e-01	-7.1760e-01	1.5677e+00	-1.0546e+00	-3.4980e-01	-1.0857e+00
3.0305e+02	1.5387e+00	4.4180e-01	-7.1810e-01	1.5681e+00	-1.0527e+00	-3.5190e-01	-1.0859e+00
3.0305e+02	1.5376e+00	4.4770e-01	-7.1850e-01	1.5685e+00	-1.0509e+00	-3.5390e-01	-1.0861e+00
3.0305e+02	1.5365e+00	4.5350e-01	-7.1880e-01	1.5688e+00	-1.0491e+00	-3.5580e-01	-1.0863e+00
3.0306e+02	1.5353e+00	4.5930e-01	-7.1920e-01	1.5691e+00	-1.0473e+00	-3.5770e-01	-1.0865e+00
3.0306e+02	1.5342e+00	4.6510e-01	-7.1980e-01	1.5693e+00	-1.0455e+00	-3.5950e-01	-1.0867e+00
3.0306e+02	1.5330e+00	4.7090e-01	-7.2010e-01	1.5695e+00	-1.0438e+00	-3.6120e-01	-1.0869e+00
3.0306e+02	1.5318e+00	4.7680e-01	-7.2020e-01	1.5697e+00	-1.0422e+00	-3.6300e-01	-1.0871e+00
3.0306e+02	1.5305e+00	4.8280e-01	-7.2050e-01	1.5699e+00	-1.0407e+00	-3.6470e-01	-1.0874e+00
3.0307e+02	1.5293e+00	4.8860e-01	-7.2090e-01	1.5699e+00	-1.0393e+00	-3.6640e-01	-1.0877e+00
3.0307e+02	1.5280e+00	4.9450e-01	-7.2110e-01	1.5700e+00	-1.0381e+00	-3.6800e-01	-1.0879e+00
3.0307e+02	1.5267e+00	5.0070e-01	-7.2110e-01	1.5699e+00	-1.0371e+00	-3.6950e-01	-1.0882e+00
3.0307e+02	1.5254e+00	5.0680e-01	-7.2120e-01	1.5699e+00	-1.0361e+00	-3.7100e-01	-1.0885e+00
3.0307e+02	1.5240e+00	5.1290e-01	-7.2120e-01	1.5698e+00	-1.0352e+00	-3.7240e-01	-1.0888e+00
3.0308e+02	1.5226e+00	5.1930e-01	-7.2110e-01	1.5697e+00	-1.0344e+00	-3.7380e-01	-1.0891e+00
3.0308e+02	1.5211e+00	5.2570e-01	-7.2080e-01	1.5696e+00	-1.0336e+00	-3.7520e-01	-1.0894e+00
3.0308e+02	1.5198e+00	5.3200e-01	-7.2040e-01	1.5695e+00	-1.0329e+00	-3.7660e-01	-1.0897e+00
3.0308e+02	1.5184e+00	5.3830e-01	-7.2050e-01	1.5693e+00	-1.0323e+00	-3.7790e-01	-1.0901e+00
3.0308e+02	1.5170e+00	5.4450e-01	-7.2030e-01	1.5690e+00	-1.0318e+00	-3.7920e-01	-1.0904e+00
3.0309e+02	1.5155e+00	5.5100e-01	-7.1980e-01	1.5688e+00	-1.0315e+00	-3.8040e-01	-1.0908e+00
3.0309e+02	1.5140e+00	5.5730e-01	-7.1960e-01	1.5685e+00	-1.0313e+00	-3.8160e-01	-1.0912e+00
3.0309e+02	1.5125e+00	5.6350e-01	-7.1930e-01	1.5681e+00	-1.0311e+00	-3.8280e-01	-1.0916e+00
3.0309e+02	1.5109e+00	5.6980e-01	-7.1870e-01	1.5677e+00	-1.0310e+00	-3.8400e-01	-1.0920e+00
3.0309e+02	1.5095e+00	5.7630e-01	-7.1830e-01	1.5672e+00	-1.0310e+00	-3.8520e-01	-1.0923e+00
3.0310e+02	1.5080e+00	5.8270e-01	-7.1790e-01	1.5666e+00	-1.0310e+00	-3.8650e-01	-1.0926e+00
3.0310e+02	1.5065e+00	5.8920e-01	-7.1710e-01	1.5660e+00	-1.0310e+00	-3.8780e-01	-1.0928e+00
3.0310e+02	1.5051e+00	5.9570e-01	-7.1650e-01	1.5653e+00	-1.0311e+00	-3.8910e-01	-1.0930e+00
3.0310e+02	1.5036e+00	6.0200e-01	-7.1600e-01	1.5646e+00	-1.0312e+00	-3.9050e-01	-1.0932e+00
3.0310e+02	1.5021e+00	6.0830e-01	-7.1530e-01	1.5638e+00	-1.0313e+00	-3.9180e-01	-1.0934e+00
3.0311e+02	1.5007e+00	6.1510e-01	-7.1460e-01	1.5631e+00	-1.0315e+00	-3.9300e-01	-1.0936e+00
3.0311e+02	1.4992e+00	6.2190e-01	-7.1360e-01	1.5623e+00	-1.0318e+00	-3.9420e-01	-1.0938e+00
3.0311e+02	1.4977e+00	6.2860e-01	-7.1260e-01	1.5615e+00	-1.0322e+00	-3.9540e-01	-1.0939e+00
3.0311e+02	1.4963e+00	6.3520e-01	-7.1190e-01	1.5606e+00	-1.0326e+00	-3.9650e-01	-1.0941e+00
3.0311e+02	1.4949e+00	6.4180e-01	-7.1120e-01	1.5597e+00	-1.0332e+00	-3.9760e-01	-1.0943e+00
3.0312e+02	1.4934e+00	6.4850e-01	-7.1010e-01	1.5588e+00	-1.0338e+00	-3.9880e-01	-1.0944e+00
3.0312e+02	1.4918e+00	6.5530e-01	-7.0930e-01	1.5579e+00	-1.0345e+00	-3.9990e-01	-1.0944e+00
3.0312e+02	1.4903e+00	6.6200e-01	-7.0850e-01	1.5568e+00	-1.0353e+00	-4.0100e-01	-1.0945e+00
3.0312e+02	1.4889e+00	6.6880e-01	-7.0740e-01	1.5557e+00	-1.0361e+00	-4.0210e-01	-1.0944e+00
3.0312e+02	1.4875e+00	6.7560e-01	-7.0650e-01	1.5545e+00	-1.0368e+00	-4.0320e-01	-1.0943e+00
3.0313e+02	1.4860e+00	6.8220e-01	-7.0540e-01	1.5532e+00	-1.0376e+00	-4.0440e-01	-1.0942e+00
3.0313e+02	1.4845e+00	6.8890e-01	-7.0410e-01	1.5519e+00	-1.0383e+00	-4.0550e-01	-1.0941e+00
3.0313e+02	1.4831e+00	6.9560e-01	-7.0310e-01	1.5505e+00	-1.0389e+00	-4.0670e-01	-1.0939e+00
3.0313e+02	1.4816e+00	7.0220e-01	-7.0220e-01	1.5491e+00	-1.0394e+00	-4.0790e-01	-1.0937e+00
3.0313e+02	1.4802e+00	7.0890e-01	-7.0090e-01	1.5476e+00	-1.0399e+00	-4.0910e-01	-1.0935e+00
3.0314e+02	1.4789e+00	7.1580e-01	-6.9950e-01	1.5460e+00	-1.0403e+00	-4.1030e-01	-1.0933e+00
3.0314e+02	1.4776e+00	7.2240e-01	-6.9820e-01	1.5443e+00	-1.0405e+00	-4.1160e-01	-1.0931e+00
3.0314e+02	1.4762e+00	7.2900e-01	-6.9680e-01	1.5425e+00	-1.0407e+00	-4.1290e-01	-1.0930e+00
3.0314e+02	1.4748e+00	7.3590e-01	-6.9520e-01	1.5407e+00	-1.0408e+00	-4.1420e-01	-1.0929e+00
3.0314e+02	1.4735e+00	7.4260e-01	-6.9370e-01	1.5388e+00	-1.0408e+00	-4.1560e-01	-1.0929e+00
3.0315e+02	1.4721e+00	7.4930e-01	-6.9240e-01	1.5369e+00	-1.0405e+00	-4.1710e-01	-1.0928e+00
3.0315e+02	1.4708e+00	7.5620e-01	-6.9100e-01	1.5350e+00	-1.0402e+00	-4.1850e-01	-1.0928e+00
3.0315e+02	1.4696e+00	7.6300e-01	-6.8940e-01	1.5329e+00	-1.0396e+00	-4.2010e-01	-1.0928e+00
3.0315e+02	1.4682e+00	7.6950e-01	-6.8800e-01	1.5307e+00	-1.0389e+00	-4.2170e-01	-1.0927e+00
3.0315e+02	1.4669e+00	7.7630e-01	-6.8640e-01	1.5285e+00	-1.0380e+00	-4.2330e-01	-1.0925e+00
3.0316e+02	1.4657e+00	7.8300e-01	-6.8480e-01	1.5261e+00	-1.0368e+00	-4.2490e-01	-1.0923e+00
3.0316e+02	1.4644e+00	7.8970e-01	-6.8320e-01	1.5236e+00	-1.0354e+00	-4.2660e-01	-1.0921e+00
3.0316e+02	1.4632e+00	7.9630e-01	-6.8170e-01	1.5210e+00	-1.0339e+00	-4.2830e-01	-1.0919e+00
3.0316e+02	1.4619e+00	8.0280e-01	-6.8020e-01	1.5185e+00	-1.0322e+00	-4.3010e-01	-1.0918e+00
3.0316e+02	1.4607e+00	8.0930e-01	-6.7870e-01	1.5157e+00	-1.0303e+00	-4.3210e-01	-1.0918e+00
3.0317e+02	1.4595e+00	8.1590e-01	-6.7700e-01	1.5130e+00	-1.0283e+00	-4.3410e-01	-1.0919e+00
3.0317e+02	1.4583e+00	8.2240e-01	-6.7540e-01	1.5102e+00	-1.0262e+00	-4.3620e-01	-1.0920e+00
3.0317e+02	1.4571e+00	8.2870e-01	-6.7400e-01	1.5071e+00	-1.0239e+00	-4.3850e-01	-1.0922e+00
3.0317e+02	1.4559e+00	8.3520e-01	-6.7250e-01	1.5041e+00	-1.0216e+00	-4.4080e-01	-1.0924e+00
3.0317e+02	1.4548e+00	8.4170e-01	-6.7070e-01	1.5011e+00	-1.0193e+00	-4.4320e-01	-1.0927e+00
3.0318e+02	1.4537e+00	8.4810e-01	-6.6910e-01	1.4978e+00	-1.0168e+00	-4.4580e-01	-1.0929e+00
3.0318e+02	1.4526e+00	8.5440e-01	-6.6780e-01	1.4947e+00	-1.0142e+00	-4.4860e-01	-1.0931e+00
3.0318e+02	1.4515e+00	8.6060e-01	-6.6650e-01	1.4915e+00	-1.0117e+00	-4.5130e-01	-1.0932e+00
3.0318e+02	1.4505e+00	8.6690e-01	-6.6490e-01	1.4883e+00	-1.0091e+00	-4.5420e-01	-1.0932e+00
3.0318e+02	1.4495e+00	8.7320e-01	-6.6380e-01	1.4850e+00	-1.0064e+00	-4.5720e-01	-1.0931e+00
3.0319e+02	1.4486e+00	8.7930e-01	-6.6300e-01	1.4817e+00	-1.0037e+00	-4.6020e-01	-1.0930e+00
3.0319e+02	1.4477e+00	8.8530e-01	-6.6200e-01	1.4782e+00	-1.0008e+00	-4.6350e-01	-1.0928e+00
3.0319e+02	1.4468e+00	8.9160e-01	-6.6080e-01	1.4747e+00	-9.9800e-01	-4.6680e-01	-1.0926e+00
3.0319e+02	1.4460e+00	8.9760e-01	-6.5970e-01	1.4712e+00	-9.9520e-01	-4.7010e-01	-1.0925e+00
3.0319e+02	1.4452e+00	9.0340e-01	-6.5880e-01	1.4675e+00	-9.9220e-01	-4.7370e-01	-1.0924e+00
3.0320e+02	1.4445e+00	9.0940e-01	-6.5780e-01	1.4638e+00	-9.8920e-01	-4.7740e-01	-1.0924e+00
3.0320e+02	1.4438e+00	9.1520e-01	-6.5690e-01	1.4601e+00	-9.8620e-01	-4.8120e-01	-1.0924e+00
3.0320e+02	1.4431e+00	9.2100e-01	-6.5600e-01	1.4563e+00	-9.8310e-01	-4.8520e-01	-1.0925e+00
3.0320e+02	1.4425e+00	9.2690e-01	-6.5510e-01	1.4526e+00	-9.7990e-01	-4.8930e-01	-1.0926e+00
3.0320e+02	1.4419e+00	9.3250e-01	-6.5410e-01	1.4489e+00	-9.7680e-01	-4.9360e-01	-1.0927e+00
3.0321e+02	1.4414e+00	9.3800e-01	-6.5330e-01	1.4450e+00	-9.7380e-01	-4.9800e-01	-1.0929e+00
3.0321e+02	1.4409e+00	9.4360e-01	-6.5240e-01	1.4411e+00	-9.7080e-01	-5.0250e-01	-1.0930e+00
3.0321e+02	1.4404e+00	9.4910e-01	-6.5170e-01	1.4373e+00	-9.6790e-01	-5.0710e-01	-1.0931e+00
3.0321e+02	1.4399e+00	9.5440e-01	-6.5100e-01	1.4333e+00	-9.6500e-01	-5.1180e-01	-1.0932e+00
3.0321e+02	1.4395e+00	9.5990e-01	-6.5020e-01	1.4293e+00	-9.6210e-01	-5.1650e-01	-1.0933e+00
3.0322e+02	1.4392e+00	9.6520e-01	-6.4940e-01	1.4254e+00	-9.5920e-01	-5.2120e-01	-1.0934e+00
3.0322e+02	1.4389e+00	9.7020e-01	-6.4850e-01	1.4212e+00	-9.5620e-01	-5.2600e-01	-1.0935e+00
3.0322e+02	1.4386e+00	9.7520e-01	-6.4800e-01	1.4172e+00	-9.5320e-01	-5.3080e-01	-1.0937e+00
3.0322e+02	1.4384e+00	9.8010e-01	-6.4750e-01	1.4131e+00	-9.5020e-01	-5.3550e-01	-1.0939e+00
3.0322e+02	1.4382e+00	9.8500e-01	-6.4690e-01	1.4089e+00	-9.4710e-01	-5.4030e-01	-1.0941e+00
3.0323e+02	1.4380e+00	9.8980e-01	-6.4650e-01	1.4047e+00	-9.4410e-01	-5.4510e-01	-1.0944e+00
3.0323e+02	1.4379e+00	9.9430e-01	-6.4610e-01	1.4006e+00	-9.4100e-01	-5.4990e-01	-1.0948e+00
3.0323e+02	1.4378e+00	9.9880e-01	-6.4560e-01	1.3963e+00	-9.3780e-01	-5.5490e-01	-1.0953e+00
3.0323e+02	1.4378e+00	1.0034e+00	-6.4510e-01	1.3921e+00	-9.3460e-01	-5.6000e-01	-1.0959e+00
3.0323e+02	1.4378e+00	1.0079e+00	-6.4470e-01	1.3879e+00	-9.3160e-01	-5.6520e-01	-1.0967e+00
3.0324e+02	1.4378e+00	1.0122e+00	-6.4420e-01	1.3836e+00	-9.2850e-01	-5.7060e-01	-1.0976e+00
3.0324e+02	1.4378e+00	1.0164e+00	-6.4380e-01	1.3793e+00	-9.2550e-01	-5.7620e-01	-1.0987e+00
3.0324e+02	1.4378e+00	1.0206e+00	-6.4340e-01	1.3751e+00	-9.2250e-01	-5.8170e-01	-1.0999e+00
3.0324e+02	1.4379e+00	1.0246e+00	-6.4300e-01	1.3707e+00	-9.1940e-01	-5.8750e-01	-1.1012e+00
3.0324e+02	1.4379e+00	1.0285e+00	-6.4280e-01	1.3664e+00	-9.1650e-01	-5.9330e-01	-1.1026e+00
3.0325e+02	1.4379e+00	1.0323e+00	-6.4260e-01	1.3621e+00	-9.1380e-01	-5.9930e-01	-1.1040e+00
3.0325e+02	1.4379e+00	1.0360e+00	-6.4230e-01	1.3576e+00	-9.1110e-01	-6.0550e-01	-1.1054e+00
3.0325e+02	1.4380e+00	1.0397e+00	-6.4190e-01	1.3531e+00	-9.0870e-01	-6.1180e-01	-1.1068e+00
3.0325e+02	1.4381e+00	1.0433e+00	-6.4160e-01	1.3487e+00	-9.0630e-01	-6.1810e-01	-1.1081e+00
3.0325e+02	1.4382e+00	1.0468e+00	-6.4120e-01	1.3441e+00	-9.0400e-01	-6.2450e-01	-1.1093e+00
3.0326e+02	1.4383e+00	1.0502e+00	-6.4080e-01	1.3394e+00	-9.0170e-01	-6.3090e-01	-1.1103e+00
3.0326e+02	1.4384e+00	1.0533e+00	-6.4050e-01	1.3348e+00	-8.9940e-01	-6.3730e-01	-1.1111e+00
3.0326e+02	1.4386e+00	1.0564e+00	-6.4010e-01	1.3301e+00	-8.9690e-01	-6.4370e-01	-1.1117e+00
3.0326e+02	1.4388e+00	1.0596e+00	-6.3970e-01	1.3253e+00	-8.9440e-01	-6.5010e-01	-1.1123e+00
3.0326e+02	1.4390e+00	1.0626e+00	-6.3940e-01	1.3206e+00	-8.9200e-01	-6.5630e-01	-1.1127e+00
3.0327e+02	1.4392e+00	1.0654e+00	-6.3910e-01	1.3156e+00	-8.8970e-01	-6.6250e-01	-1.1131e+00
3.0327e+02	1.4394e+00	1.0682e+00	-6.3870e-01	1.3108e+00	-8.8750e-01	-6.6870e-01	-1.1135e+00
3.0327e+02	1.4397e+00	1.0709e+00	-6.3810e-01	1.3060e+00	-8.8550e-01	-6.7490e-01	-1.1138e+00
3.0327e+02	1.4400e+00	1.0735e+00	-6.3770e-01	1.3009e+00	-8.8350e-01	-6.8100e-01	-1.1142e+00
3.0327e+02	1.4402e+00	1.0760e+00	-6.3740e-01	1.2960e+00	-8.8170e-01	-6.8720e-01	-1.1146e+00
3.0328e+02	1.4405e+00	1.0784e+00	-6.3710e-01	1.2912e+00	-8.8000e-01	-6.9330e-01	-1.1151e+00
3.0328e+02	1.4408e+00	1.0807e+00	-6.3680e-01	1.2862e+00	-8.7830e-01	-6.9960e-01	-1.1156e+00
3.0328e+02	1.4411e+00	1.0829e+00	-6.3650e-01	1.2813e+00	-8.7690e-01	-7.0580e-01	-1.1163e+00
3.0328e+02	1.4414e+00	1.0849e+00	-6.3630e-01	1.2765e+00	-8.7550e-01	-7.1200e-01	-1.1170e+00
3.0328e+02	1.4418e+00	1.0870e+00	-6.3610e-01	1.2714e+00	-8.7410e-01	-7.1800e-01	-1.1177e+00
3.0329e+02	1.4421e+00	1.0890e+00	-6.3580e-01	1.2665e+00	-8.7290e-01	-7.2390e-01	-1.1185e+00
3.0329e+02	1.4424e+00	1.0909e+00	-6.3560e-01	1.2617e+00	-8.7160e-01	-7.2960e-01	-1.1194e+00
3.0329e+02	1.4428e+00	1.0926e+00	-6.3540e-01	1.2567e+00	-8.7020e-01	-7.3510e-01	-1.1203e+00
3.0329e+02	1.4432e+00	1.0944e+00	-6.3530e-01	1.2518e+00	-8.6900e-01	-7.4030e-01	-1.1212e+00
3.0329e+02	1.4436e+00	1.0960e+00	-6.3510e-01	1.2469e+00	-8.6780e-01	-7.4540e-01	-1.1221e+00
3.0330e+02	1.4440e+00	1.0975e+00	-6.3500e-01	1.2419e+00	-8.6650e-01	-7.5030e-01	-1.1230e+00
3.0330e+02	1.4444e+00	1.0990e+00	-6.3490e-01	1.2371e+00	-8.6530e-01	-7.5510e-01	-1.1239e+00
3.0330e+02	1.4448e+00	1.1004e+00	-6.3500e-01	1.2323e+00	-8.6420e-01	-7.5980e-01	-1.1248e+00
3.0330e+02	1.4452e+00	1.1017e+00	-6.3500e-01	1.2274e+00	-8.6310e-01	-7.6440e-01	-1.1257e+00
3.0330e+02	1.4457e+00	1.1029e+00	-6.3510e-01	1.2226e+00	-8.6210e-01	-7.6890e-01	-1.1266e+00
3.0331e+02	1.4462e+00	1.1041e+00	-6.3510e-01	1.2179e+00	-8.6120e-01	-7.7320e-01	-1.1275e+00
3.0331e+02	1.4466e+00	1.1051e+00	-6.3520e-01	1.2130e+00	-8.6020e-01	-7.7750e-01	-1.1284e+00
3.0331e+02	1.4472e+00	1.1061e+00	-6.3540e-01	1.2082e+00	-8.5930e-01	-7.8150e-01	-1.1294e+00
3.0331e+02	1.4478e+00	1.1069e+00	-6.3560e-01	1.2035e+00	-8.5840e-01	-7.8530e-01	-1.1304e+00
3.0331e+02	1.4484e+00	1.1077e+00	-6.3580e-01	1.1986e+00	-8.5750e-01	-7.8900e-01	-1.1314e+00
3.0332e+02	1.4489e+00	1.1085e+00	-6.3610e-01	1.1938e+00	-8.5670e-01	-7.9260e-01	-1.1325e+00
3.0332e+02	1.4496e+00	1.1092e+00	-6.3630e-01	1.1891e+00	-8.5590e-01	-7.9600e-01	-1.1337e+00
3.0332e+02	1.4502e+00	1.1098e+00	-6.3660e-01	1.1842e+00	-8.5500e-01	-7.9930e-01	-1.1349e+00
3.0332e+02	1.4509e+00	1.1104e+00	-6.3690e-01	1.1795e+00	-8.5430e-01	-8.0230e-01	-1.1361e+00
3.0332e+02	1.4516e+00	1.1109e+00	-6.3720e-01	1.1748e+00	-8.5380e-01	-8.0510e-01	-1.1374e+00
3.0333e+02	1.4524e+00	1.1113e+00	-6.3750e-01	1.1699e+00	-8.5330e-01	-8.0770e-01	-1.1386e+00
3.0333e+02	1.4531e+00	1.1116e+00	-6.3790e-01	1.1651e+00	-8.5290e-01	-8.1000e-01	-1.1399e+00
3.0333e+02	1.4538e+00	1.1119e+00	-6.3820e-01	1.1604e+00	-8.5260e-01	-8.1230e-01	-1.1411e+00
3.0333e+02	1.4545e+00	1.1120e+00	-6.3870e-01	1.1555e+00	-8.5230e-01	-8.1440e-01	-1.1423e+00
3.0333e+02	1.4552e+00	1.1122e+00	-6.3910e-01	1.1507e+00	-8.5210e-01	-8.1640e-01	-1.1435e+00
3.0334e+02	1.4560e+00	1.1123e+00	-6.3940e-01	1.1461e+00	-8.5200e-01	-8.1820e-01	-1.1446e+00
3.0334e+02	1.4566e+00	1.1124e+00	-6.3980e-01	1.1412e+00	-8.5180e-01	-8.1980e-01	-1.1456e+00
3.0334e+02	1.4574e+00	1.1124e+00	-6.4000e-01	1.1364e+00	-8.5180e-01	-8.2100e-01	-1.1466e+00
3.0334e+02	1.4581e+00	1.1124e+00	-6.4030e-01	1.1317e+00	-8.5180e-01	-8.2190e-01	-1.1475e+00
3.0334e+02	1.4589e+00	1.1122e+00	-6.4050e-01	1.1269e+00	-8.5180e-01	-8.2240e-01	-1.1483e+00
3.0335e+02	1.4596e+00	1.1121e+00	-6.4070e-01	1.1220e+00	-8.5190e-01	-8.2250e-01	-1.1490e+00
3.0335e+02	1.4604e+00	1.1119e+00	-6.4090e-01	1.1172e+00	-8.5210e-01	-8.2240e-01	-1.1496e+00
3.0335e+02	1.4612e+00	1.1116e+00	-6.4110e-01	1.1123e+00	-8.5230e-01	-8.2200e-01	-1.1501e+00
3.0335e+02	1.4619e+00	1.1112e+00	-6.4140e-01	1.1074e+00	-8.5250e-01	-8.2150e-01	-1.1505e+00
3.0335e+02	1.4628e+00	1.1109e+00	-6.4180e-01	1.1026e+00	-8.5260e-01	-8.2100e-01	-1.1508e+00
3.0336e+02	1.4636e+00	1.1104e+00	-6.4210e-01	1.0977e+00	-8.5280e-01	-8.2050e-01	-1.1510e+00
3.0336e+02	1.4644e+00	1.1100e+00	-6.4250e-01	1.0929e+00	-8.5310e-01	-8.2000e-01	-1.1510e+00
3.0336e+02	1.4652e+00	1.1095e+00	-6.4300e-01	1.0881e+00	-8.5350e-01	-8.1950e-01	-1.1511e+00
3.0336e+02	1.4661e+00	1.1089e+00	-6.4340e-01	1.0831e+00	-8.5380e-01	-8.1910e-01	-1.1511e+00
3.0336e+02	1.4669e+00	1.1084e+00	-6.4380e-01	1.0783e+00	-8.5420e-01	-8.1870e-01	-1.1511e+00
3.0337e+02	1.4678e+00	1.1079e+00	-6.4420e-01	1.0735e+00	-8.5450e-01	-8.1830e-01	-1.1512e+00
3.0337e+02	1.4687e+00	1.1073e+00	-6.4470e-01	1.0687e+00	-8.5480e-01	-8.1780e-01	-1.1513e+00
3.0337e+02	1.4695e+00	1.1067e+00	-6.4520e-01	1.0638e+00	-8.5510e-01	-8.1720e-01	-1.1515e+00
3.0337e+02	1.4704e+00	1.1061e+00	-6.4570e-01	1.0591e+00	-8.5530e-01	-8.1640e-01	-1.1518e+00
3.0337e+02	1.4712e+00	1.1054e+00	-6.4630e-01	1.0543e+00	-8.5560e-01	-8.1540e-01	-1.1523e+00
3.0338e+02	1.4721e+00	1.1047e+00	-6.4690e-01	1.0495e+00	-8.5590e-01	-8.1400e-01	-1.1530e+00
3.0338e+02	1.4730e+00	1.1039e+00	-6.4770e-01	1.0448e+00	-8.5610e-01	-8.1240e-01	-1.1538e+00
3.0338e+02	1.4738e+00	1.1031e+00	-6.4840e-01	1.0400e+00	-8.5630e-01	-8.1050e-01	-1.1547e+00
3.0338e+02	1.4747e+00	1.1023e+00	-6.4910e-01	1.0352e+00	-8.5650e-01	-8.0830e-01	-1.1555e+00
3.0338e+02	1.4756e+00	1.1015e+00	-6.4990e-01	1.0305e+00	-8.5690e-01	-8.0570e-01	-1.1564e+00
3.0339e+02	1.4764e+00	1.1006e+00	-6.5080e-01	1.0256e+00	-8.5740e-01	-8.0290e-01	-1.1572e+00
3.0339e+02	1.4772e+00	1.0998e+00	-6.5160e-01	1.0209e+00	-8.5790e-01	-7.9980e-01	-1.1579e+00
3.0339e+02	1.4781e+00	1.0990e+00	-6.5250e-01	1.0163e+00	-8.5840e-01	-7.9640e-01	-1.1586e+00
3.0339e+02	1.4789e+00	1.0982e+00	-6.5340e-01	1.0115e+00	-8.5910e-01	-7.9290e-01	-1.1593e+00
3.0339e+02	1.4797e+00	1.0973e+00	-6.5430e-01	1.0068e+00	-8.5990e-01	-7.8920e-01	-1.1599e+00
3.0340e+02	1.4806e+00	1.0964e+00	-6.5520e-01	1.0021e+00	-8.6090e-01	-7.8530e-01	-1.1605e+00
3.0340e+02	1.4814e+00	1.0954e+00	-6.5620e-01	9.9740e-01	-8.6210e-01	-7.8140e-01	-1.1612e+00
3.0340e+02	1.4823e+00	1.0945e+00	-6.5720e-01	9.9280e-01	-8.6350e-01	-7.7750e-01	-1.1620e+00
3.0340e+02	1.4831e+00	1.0936e+00	-6.5810e-01	9.8820e-01	-8.6490e-01	-7.7350e-01	-1.1629e+00
3.0340e+02	1.4840e+00	1.0926e+00	-6.5900e-01	9.8350e-01	-8.6650e-01	-7.6940e-01	-1.1639e+00
3.0341e+02	1.4848e+00	1.0917e+00	-6.6000e-01	9.7890e-01	-8.6810e-01	-7.6530e-01	-1.1649e+00
3.0341e+02	1.4856e+00	1.0908e+00	-6.6090e-01	9.7440e-01	-8.6980e-01	-7.6120e-01	-1.1660e+00
3.0341e+02	1.4864e+00	1.0898e+00	-6.6190e-01	9.6970e-01	-8.7180e-01	-7.5700e-01	-1.1671e+00
3.0341e+02	1.4872e+00	1.0888e+00	-6.6290e-01	9.6520e-01	-8.7380e-01	-7.5270e-01	-1.1682e+00
3.0341e+02	1.4880e+00	1.0879e+00	-6.6390e-01	9.6090e-01	-8.7600e-01	-7.4830e-01	-1.1693e+00
3.0342e+02	1.4888e+00	1.0869e+00	-6.6480e-01	9.5630e-01	-8.7830e-01	-7.4390e-01	-1.1704e+00
3.0342e+02	1.4895e+00	1.0859e+00	-6.6580e-01	9.5200e-01	-8.8080e-01	-7.3940e-01	-1.1715e+00
3.0342e+02	1.4904e+00	1.0850e+00	-6.6680e-01	9.4770e-01	-8.8340e-01	-7.3480e-01	-1.1724e+00
3.0342e+02	1.4912e+00	1.0840e+00	-6.6770e-01	9.4340e-01	-8.8620e-01	-7.3020e-01	-1.1733e+00
3.0342e+02	1.4919e+00	1.0829e+00	-6.6870e-01	9.3920e-01	-8.8900e-01	-7.2550e-01	-1.1741e+00
3.0343e+02	1.4927e+00	1.0819e+00	-6.6970e-01	9.3510e-01	-8.9190e-01	-7.2070e-01	-1.1747e+00
3.0343e+02	1.4935e+00	1.0808e+00	-6.7070e-01	9.3090e-01	-8.9500e-01	-7.1580e-01	-1.1752e+00
3.0343e+02	1.4943e+00	1.0798e+00	-6.7160e-01	9.2690e-01	-8.9800e-01	-7.1100e-01	-1.1755e+00
3.0343e+02	1.4950e+00	1.0788e+00	-6.7250e-01	9.2310e-01	-9.0120e-01	-7.0610e-01	-1.1757e+00
3.0343e+02	1.4958e+00	1.0778e+00	-6.7350e-01	9.1910e-01	-9.0460e-01	-7.0120e-01	-1.1757e+00
3.0344e+02	1.4965e+00	1.0768e+00	-6.7430e-01	9.1540e-01	-9.0820e-01	-6.9630e-01	-1.1757e+00
3.0344e+02	1.4973e+00	1.0759e+00	-6.7510e-01	9.1170e-01	-9.1180e-01	-6.9130e-01	-1.1755e+00
3.0344e+02	1.4980e+00	1.0749e+00	-6.7600e-01	9.0800e-01	-9.1560e-01	-6.8630e-01	-1.1754e+00
3.0344e+02	1.4987e+00	1.0739e+00	-6.7680e-01	9.0450e-01	-9.1940e-01	-6.8130e-01	-1.1752e+00
3.0344e+02	1.4994e+00	1.0729e+00	-6.7760e-01	9.0100e-01	-9.2330e-01	-6.7630e-01	-1.1750e+00
3.0345e+02	1.5001e+00	1.0719e+00	-6.7840e-01	8.9750e-01	-9.2740e-01	-6.7130e-01	-1.1748e+00
3.0345e+02	1.5007e+00	1.0708e+00	-6.7920e-01	8.9410e-01	-9.3140e-01	-6.6620e-01	-1.1746e+00
3.0345e+02	1.5014e+00	1.0698e+00	-6.8000e-01	8.9080e-01	-9.3540e-01	-6.6110e-01	-1.1744e+00
3.0345e+02	1.5021e+00	1.0689e+00	-6.8070e-01	8.8740e-01	-9.3950e-01	-6.5590e-01	-1.1741e+00
3.0345e+02	1.5027e+00	1.0680e+00	-6.8120e-01	8.8430e-01	-9.4370e-01	-6.5070e-01	-1.1738e+00
3.0346e+02	1.5033e+00	1.0671e+00	-6.8180e-01	8.8120e-01	-9.4780e-01	-6.4530e-01	-1.1737e+00
3.0346e+02	1.5039e+00	1.0662e+00	-6.8230e-01	8.7800e-01	-9.5200e-01	-6.3970e-01	-1.1736e+00
3.0346e+02	1.5045e+00	1.0653e+00	-6.8270e-01	8.7490e-01	-9.5620e-01	-6.3400e-01	-1.1735e+00
3.0346e+02	1.5051e+00	1.0645e+00	-6.8310e-01	8.7190e-01	-9.6050e-01	-6.2830e-01	-1.1733e+00
3.0346e+02	1.5056e+00	1.0637e+00	-6.8340e-01	8.6890e-01	-9.6480e-01	-6.2240e-01	-1.1730e+00
3.0347e+02	1.5061e+00	1.0628e+00	-6.8370e-01	8.6590e-01	-9.6910e-01	-6.1650e-01	-1.1725e+00
3.0347e+02	1.5066e+00	1.0621e+00	-6.8390e-01	8.6300e-01	-9.7330e-01	-6.1060e-01	-1.1716e+00
3.0347e+02	1.5071e+00	1.0613e+00	-6.8400e-01	8.6000e-01	-9.7750e-01	-6.0470e-01	-1.1704e+00
3.0347e+02	1.5075e+00	1.0606e+00	-6.8410e-01	8.5720e-01	-9.8170e-01	-5.9890e-01	-1.1689e+00
3.0347e+02	1.5079e+00	1.0600e+00	-6.8410e-01	8.5440e-01	-9.8580e-01	-5.9330e-01	-1.1671e+00
3.0348e+02	1.5083e+00	1.0593e+00	-6.8400e-01	8.5150e-01	-9.9010e-01	-5.8780e-01	-1.1652e+00
3.0348e+02	1.5086e+00	1.0587e+00	-6.8390e-01	8.4870e-01	-9.9440e-01	-5.8240e-01	-1.1632e+00
3.0348e+02	1.5089e+00	1.0582e+00	-6.8370e-01	8.4590e-01	-9.9860e-01	-5.7700e-01	-1.1611e+00
3.0348e+02	1.5092e+00	1.0577e+00	-6.8340e-01	8.4320e-01	-1.0027e+00	-5.7150e-01	-1.1591e+00
3.0348e+02	1.5094e+00	1.0572e+00	-6.8310e-01	8.4060e-01	-1.0065e+00	-5.6580e-01	-1.1571e+00
3.0349e+02	1.5097e+00	1.0569e+00	-6.8270e-01	8.3810e-01	-1.0101e+00	-5.6010e-01	-1.1553e+00
3.0349e+02	1.5099e+00	1.0565e+00	-6.8220e-01	8.3560e-01	-1.0136e+00	-5.5430e-01	-1.1536e+00
3.0349e+02	1.5101e+00	1.0561e+00	-6.8170e-01	8.3310e-01	-1.0168e+00	-5.4830e-01	-1.1522e+00
3.0349e+02	1.5102e+00	1.0558e+00	-6.8120e-01	8.3070e-01	-1.0199e+00	-5.4220e-01	-1.1509e+00
3.0349e+02	1.5103e+00	1.0555e+00	-6.8070e-01	8.2840e-01	-1.0230e+00	-5.3610e-01	-1.1500e+00
3.0350e+02	1.5104e+00	1.0552e+00	-6.8010e-01	8.2620e-01	-1.0260e+00	-5.3010e-01	-1.1493e+00
3.0350e+02	1.5105e+00	1.0550e+00	-6.7950e-01	8.2400e-01	-1.0289e+00	-5.2420e-01	-1.1488e+00
3.0350e+02	1.5105e+00	1.0548e+00	-6.7900e-01	8.2190e-01	-1.0317e+00	-5.1850e-01	-1.1485e+00
3.0350e+02	1.5105e+00	1.0546e+00	-6.7850e-01	8.2000e-01	-1.0345e+00	-5.1300e-01	-1.1484e+00
3.0350e+02	1.5105e+00	1.0545e+00	-6.7810e-01	8.1820e-01	-1.0371e+00	-5.0760e-01	-1.1484e+00
3.0351e+02	1.5105e+00	1.0544e+00	-6.7760e-01	8.1640e-01	-1.0397e+00	-5.0230e-01	-1.1484e+00
3.0351e+02	1.5105e+00	1.0544e+00	-6.7730e-01	8.1480e-01	-1.0422e+00	-4.9720e-01	-1.1485e+00
3.0351e+02	1.5105e+00	1.0544e+00	-6.7700e-01	8.1340e-01	-1.0447e+00	-4.9230e-01	-1.1486e+00
3.0351e+02	1.5105e+00	1.0545e+00	-6.7680e-01	8.1200e-01	-1.0472e+00	-4.8750e-01	-1.1488e+00
3.0351e+02	1.5105e+00	1.0546e+00	-6.7660e-01	8.1080e-01	-1.0497e+00	-4.8290e-01	-1.1489e+00
3.0352e+02	1.5105e+00	1.0547e+00	-6.7650e-01	8.0970e-01	-1.0521e+00	-4.7830e-01	-1.1491e+00
3.0352e+02	1.5105e+00	1.0548e+00	-6.7650e-01	8.0870e-01	-1.0545e+00	-4.7390e-01	-1.1492e+00
3.0352e+02	1.5105e+00	1.0550e+00	-6.7640e-01	8.0770e-01	-1.0569e+00	-4.6960e-01	-1.1493e+00
3.0352e+02	1.5105e+00	1.0552e+00	-6.7650e-01	8.0700e-01	-1.0591e+00	-4.6540e-01	-1.1494e+00
3.0352e+02	1.5105e+00	1.0554e+00	-6.7650e-01	8.0650e-01	-1.0613e+00	-4.6130e-01	-1.1494e+00
3.0353e+02	1.5104e+00	1.0557e+00	-6.7660e-01	8.0610e-01	-1.0633e+00	-4.5720e-01	-1.1495e+00
3.0353e+02	1.5104e+00	1.0560e+00	-6.7670e-01	8.0590e-01	-1.0653e+00	-4.5330e-01	-1.1495e+00
3.0353e+02	1.5104e+00	1.0563e+00	-6.7690e-01	8.0580e-01	-1.0673e+00	-4.4940e-01	-1.1496e+00
3.0353e+02	1.5103e+00	1.0567e+00	-6.7710e-01	8.0590e-01	-1.0692e+00	-4.4560e-01	-1.1497e+00
3.0353e+02	1.5103e+00	1.0571e+00	-6.7740e-01	8.0620e-01	-1.0712e+00	-4.4180e-01	-1.1498e+00
3.0354e+02	1.5103e+00	1.0575e+00	-6.7770e-01	8.0670e-01	-1.0732e+00	-4.3800e-01	-1.1498e+00
3.0354e+02	1.5103e+00	1.0580e+00	-6.7800e-01	8.0720e-01	-1.0752e+00	-4.3420e-01	-1.1498e+00
3.0354e+02	1.5102e+00	1.0585e+00	-6.7830e-01	8.0780e-01	-1.0772e+00	-4.3040e-01	-1.1497e+00
3.0354e+02	1.5102e+00	1.0590e+00	-6.7860e-01	8.0860e-01	-1.0793e+00	-4.2660e-01	-1.1496e+00
3.0354e+02	1.5102e+00	1.0595e+00	-6.7890e-01	8.0960e-01	-1.0813e+00	-4.2280e-01	-1.1494e+00
3.0355e+02	1.5101e+00	1.0601e+00	-6.7920e-01	8.1070e-01	-1.0834e+00	-4.1910e-01	-1.1492e+00
3.0355e+02	1.5101e+00	1.0607e+00	-6.7960e-01	8.1200e-01	-1.0855e+00	-4.1550e-01	-1.1490e+00
3.0355e+02	1.5100e+00	1.0613e+00	-6.8000e-01	8.1350e-01	-1.0875e+00	-4.1190e-01	-1.1489e+00
3.0355e+02	1.5099e+00	1.0619e+00	-6.8040e-01	8.1510e-01	-1.0896e+00	-4.0820e-01	-1.1488e+00
3.0355e+02	1.5099e+00	1.0626e+00	-6.8080e-01	8.1690e-01	-1.0917e+00	-4.0450e-01	-1.1486e+00
3.0356e+02	1.5098e+00	1.0632e+00	-6.8120e-01	8.1880e-01	-1.0938e+00	-4.0090e-01	-1.1485e+00
3.0356e+02	1.5097e+00	1.0639e+00	-6.8170e-01	8.2090e-01	-1.0958e+00	-3.9720e-01	-1.1483e+00
3.0356e+02	1.5096e+00	1.0647e+00	-6.8220e-01	8.2320e-01	-1.0979e+00	-3.9370e-01	-1.1481e+00
3.0356e+02	1.5096e+00	1.0653e+00	-6.8270e-01	8.2540e-01	-1.0999e+00	-3.9020e-01	-1.1479e+00
3.0356e+02	1.5095e+00	1.0661e+00	-6.8330e-01	8.2780e-01	-1.1018e+00	-3.8700e-01	-1.1476e+00
3.0357e+02	1.5094e+00	1.0668e+00	-6.8400e-01	8.3050e-01	-1.1037e+00	-3.8390e-01	-1.1473e+00
3.0357e+02	1.5094e+00	1.0675e+00	-6.8450e-01	8.3330e-01	-1.1056e+00	-3.8110e-01	-1.1470e+00
3.0357e+02	1.5093e+00	1.0683e+00	-6.8510e-01	8.3630e-01	-1.1074e+00	-3.7840e-01	-1.1466e+00
3.0357e+02	1.5092e+00	1.0691e+00	-6.8570e-01	8.3940e-01	-1.1092e+00	-3.7590e-01	-1.1462e+00
3.0357e+02	1.5092e+00	1.0699e+00	-6.8640e-01	8.4270e-01	-1.1108e+00	-3.7350e-01	-1.1458e+00
3.0358e+02	1.5092e+00	1.0707e+00	-6.8720e-01	8.4600e-01	-1.1123e+00	-3.7120e-01	-1.1454e+00
3.0358e+02	1.5091e+00	1.0716e+00	-6.8790e-01	8.4950e-01	-1.1137e+00	-3.6900e-01	-1.1451e+00
3.0358e+02	1.5091e+00	1.0724e+00	-6.8870e-01	8.5310e-01	-1.1150e+00	-3.6700e-01	-1.1448e+00
3.0358e+02	1.5091e+00	1.0732e+00	-6.8950e-01	8.5690e-01	-1.1160e+00	-3.6510e-01	-1.1444e+00
3.0358e+02	1.5091e+00	1.0741e+00	-6.9040e-01	8.6090e-01	-1.1170e+00	-3.6330e-01	-1.1441e+00
3.0359e+02	1.5090e+00	1.0749e+00	-6.9130e-01	8.6490e-01	-1.1178e+00	-3.6170e-01	-1.1436e+00
3.0359e+02	1.5090e+00	1.0758e+00	-6.9220e-01	8.6910e-01	-1.1183e+00	-3.6030e-01	-1.1432e+00
3.0359e+02	1.5089e+00	1.0766e+00	-6.9320e-01	8.7350e-01	-1.1187e+00	-3.5920e-01	-1.1427e+00
3.0359e+02	1.5088e+00	1.0775e+00	-6.9420e-01	8.7790e-01	-1.1189e+00	-3.5820e-01	-1.1421e+00
3.0359e+02	1.5087e+00	1.0784e+00	-6.9530e-01	8.8240e-01	-1.1189e+00	-3.5730e-01	-1.1417e+00
3.0360e+02	1.5087e+00	1.0793e+00	-6.9640e-01	8.8730e-01	-1.1187e+00	-3.5660e-01	-1.1413e+00
3.0360e+02	1.5087e+00	1.0802e+00	-6.9760e-01	8.9220e-01	-1.1184e+00	-3.5600e-01	-1.1409e+00
3.0360e+02	1.5086e+00	1.0811e+00	-6.9870e-01	8.9720e-01	-1.1179e+00	-3.5540e-01	-1.1407e+00
3.0360e+02	1.5086e+00	1.0820e+00	-7.0000e-01	9.0250e-01	-1.1173e+00	-3.5480e-01	-1.1405e+00
3.0360e+02	1.5086e+00	1.0829e+00	-7.0120e-01	9.0790e-01	-1.1165e+00	-3.5440e-01	-1.1404e+00
3.0361e+02	1.5085e+00	1.0838e+00	-7.0250e-01	9.1330e-01	-1.1156e+00	-3.5420e-01	-1.1404e+00
3.0361e+02	1.5085e+00	1.0848e+00	-7.0380e-01	9.1900e-01	-1.1146e+00	-3.5420e-01	-1.1404e+00
3.0361e+02	1.5085e+00	1.0857e+00	-7.0510e-01	9.2470e-01	-1.1136e+00	-3.5420e-01	-1.1404e+00
3.0361e+02	1.5085e+00	1.0866e+00	-7.0640e-01	9.3040e-01	-1.1126e+00	-3.5410e-01	-1.1403e+00
3.0361e+02	1.5085e+00	1.0875e+00	-7.0780e-01	9.3640e-01	-1.1116e+00	-3.5400e-01	-1.1401e+00
3.0362e+02	1.5085e+00	1.0884e+00	-7.0920e-01	9.4250e-01	-1.1105e+00	-3.5370e-01	-1.1398e+00
3.0362e+02	1.5085e+00	1.0893e+00	-7.1060e-01	9.4870e-01	-1.1096e+00	-3.5330e-01	-1.1395e+00
3.0362e+02	1.5085e+00	1.0901e+00	-7.1200e-01	9.5510e-01	-1.1086e+00	-3.5270e-01	-1.1391e+00
3.0362e+02	1.5085e+00	1.0910e+00	-7.1350e-01	9.6160e-01	-1.1077e+00	-3.5210e-01	-1.1385e+00
3.0362e+02	1.5085e+00	1.0918e+00	-7.1490e-01	9.6810e-01	-1.1068e+00	-3.5150e-01	-1.1379e+00
3.0363e+02	1.5085e+00	1.0927e+00	-7.1640e-01	9.7490e-01	-1.1059e+00	-3.5100e-01	-1.1370e+00
3.0363e+02	1.5086e+00	1.0935e+00	-7.1780e-01	9.8150e-01	-1.1048e+00	-3.5040e-01	-1.1360e+00
3.0363e+02	1.5086e+00	1.0943e+00	-7.1920e-01	9.8810e-01	-1.1037e+00	-3.4990e-01	-1.1348e+00
3.0363e+02	1.5086e+00	1.0950e+00	-7.2050e-01	9.9500e-01	-1.1024e+00	-3.4940e-01	-1.1334e+00
3.0363e+02	1.5087e+00	1.0957e+00	-7.2180e-01	1.0018e+00	-1.1010e+00	-3.4890e-01	-1.1319e+00
3.0364e+02	1.5087e+00	1.0964e+00	-7.2310e-01	1.0085e+00	-1.0995e+00	-3.4830e-01	-1.1303e+00
3.0364e+02	1.5088e+00	1.0971e+00	-7.2430e-01	1.0154e+00	-1.0977e+00	-3.4780e-01	-1.1285e+00
3.0364e+02	1.5089e+00	1.0977e+00	-7.2550e-01	1.0223e+00	-1.0958e+00	-3.4710e-01	-1.1266e+00
3.0364e+02	1.5089e+00	1.0983e+00	-7.2660e-01	1.0290e+00	-1.0936e+00	-3.4640e-01	-1.1246e+00
3.0364e+02	1.5089e+00	1.0988e+00	-7.2770e-01	1.0361e+00	-1.0914e+00	-3.4580e-01	-1.1225e+00
3.0365e+02	1.5090e+00	1.0994e+00	-7.2880e-01	1.0429e+00	-1.0890e+00	-3.4510e-01	-1.1203e+00
3.0365e+02	1.5091e+00	1.0999e+00	-7.2990e-01	1.0496e+00	-1.0865e+00	-3.4440e-01	-1.1182e+00
3.0365e+02	1.5091e+00	1.1003e+00	-7.3090e-01	1.0566e+00	-1.0838e+00	-3.4380e-01	-1.1162e+00
3.0365e+02	1.5092e+00	1.1007e+00	-7.3190e-01	1.0634e+00	-1.0809e+00	-3.4320e-01	-1.1145e+00
3.0365e+02	1.5093e+00	1.1010e+00	-7.3270e-01	1.0702e+00	-1.0777e+00	-3.4270e-01	-1.1130e+00
3.0366e+02	1.5093e+00	1.1014e+00	-7.3350e-01	1.0773e+00	-1.0744e+00	-3.4230e-01	-1.1118e+00
3.0366e+02	1.5094e+00	1.1016e+00	-7.3440e-01	1.0844e+00	-1.0710e+00	-3.4200e-01	-1.1110e+00
3.0366e+02	1.5095e+00	1.1019e+00	-7.3510e-01	1.0913e+00	-1.0677e+00	-3.4160e-01	-1.1105e+00
3.0366e+02	1.5095e+00	1.1020e+00	-7.3580e-01	1.0986e+00	-1.0643e+00	-3.4130e-01	-1.1104e+00
3.0366e+02	1.5096e+00	1.1021e+00	-7.3650e-01	1.1057e+00	-1.0609e+00	-3.4100e-01	-1.1105e+00
3.0367e+02	1.5096e+00	1.1022e+00	-7.3710e-01	1.1127e+00	-1.0576e+00	-3.4060e-01	-1.1108e+00
3.0367e+02	1.5097e+00	1.1022e+00	-7.3770e-01	1.1199e+00	-1.0542e+00	-3.4030e-01	-1.1113e+00
3.0367e+02	1.5097e+00	1.1021e+00	-7.3820e-01	1.1270e+00	-1.0509e+00	-3.4000e-01	-1.1118e+00
3.0367e+02	1.5097e+00	1.1020e+00	-7.3860e-01	1.1340e+00	-1.0476e+00	-3.3970e-01	-1.1125e+00
3.0367e+02	1.5098e+00	1.1019e+00	-7.3900e-01	1.1413e+00	-1.0443e+00	-3.3940e-01	-1.1131e+00
3.0368e+02	1.5099e+00	1.1017e+00	-7.3930e-01	1.1484e+00	-1.0410e+00	-3.3900e-01	-1.1138e+00
3.0368e+02	1.5099e+00	1.1015e+00	-7.3960e-01	1.1554e+00	-1.0377e+00	-3.3840e-01	-1.1144e+00
3.0368e+02	1.5100e+00	1.1012e+00	-7.3990e-01	1.1625e+00	-1.0344e+00	-3.3760e-01	-1.1151e+00
3.0368e+02	1.5101e+00	1.1009e+00	-7.4020e-01	1.1694e+00	-1.0311e+00	-3.3670e-01	-1.1159e+00
3.0368e+02	1.5102e+00	1.1006e+00	-7.4060e-01	1.1761e+00	-1.0279e+00	-3.3560e-01	-1.1169e+00
3.0369e+02	1.5103e+00	1.1003e+00	-7.4090e-01	1.1830e+00	-1.0247e+00	-3.3460e-01	-1.1180e+00
3.0369e+02	1.5104e+00	1.0998e+00	-7.4130e-01	1.1897e+00	-1.0215e+00	-3.3350e-01	-1.1195e+00
3.0369e+02	1.5106e+00	1.0993e+00	-7.4160e-01	1.1963e+00	-1.0183e+00	-3.3250e-01	-1.1212e+00
3.0369e+02	1.5108e+00	1.0988e+00	-7.4200e-01	1.2031e+00	-1.0152e+00	-3.3150e-01	-1.1233e+00
3.0369e+02	1.5110e+00	1.0981e+00	-7.4240e-01	1.2097e+00	-1.0122e+00	-3.3060e-01	-1.1258e+00
3.0370e+02	1.5113e+00	1.0974e+00	-7.4290e-01	1.2163e+00	-1.0094e+00	-3.2980e-01	-1.1287e+00
3.0370e+02	1.5115e+00	1.0967e+00	-7.4330e-01	1.2231e+00	-1.0069e+00	-3.2910e-01	-1.1318e+00
3.0370e+02	1.5118e+00	1.0959e+00	-7.4380e-01	1.2297e+00	-1.0047e+00	-3.2860e-01	-1.1351e+00
3.0370e+02	1.5122e+00	1.0951e+00	-7.4420e-01	1.2363e+00	-1.0026e+00	-3.2810e-01	-1.1384e+00
3.0370e+02	1.5126e+00	1.0943e+00	-7.4460e-01	1.2430e+00	-1.0007e+00	-3.2770e-01	-1.1418e+00
3.0371e+02	1.5130e+00	1.0934e+00	-7.4510e-01	1.2496e+00	-9.9890e-01	-3.2720e-01	-1.1450e+00
3.0371e+02	1.5134e+00	1.0926e+00	-7.4550e-01	1.2561e+00	-9.9730e-01	-3.2670e-01	-1.1481e+00
3.0371e+02	1.5138e+00	1.0918e+00	-7.4600e-01	1.2628e+00	-9.9580e-01	-3.2620e-01	-1.1509e+00
3.0371e+02	1.5143e+00	1.0910e+00	-7.4650e-01	1.2693e+00	-9.9440e-01	-3.2560e-01	-1.1535e+00
3.0371e+02	1.5148e+00	1.0901e+00	-7.4700e-01	1.2758e+00	-9.9310e-01	-3.2490e-01	-1.1557e+00
3.0372e+02	1.5152e+00	1.0891e+00	-7.4760e-01	1.2825e+00	-9.9200e-01	-3.2420e-01	-1.1576e+00
3.0372e+02	1.5157e+00	1.0881e+00	-7.4830e-01	1.2890e+00	-9.9090e-01	-3.2340e-01	-1.1590e+00
3.0372e+02	1.5163e+00	1.0871e+00	-7.4900e-01	1.2952e+00	-9.9010e-01	-3.2260e-01	-1.1602e+00
3.0372e+02	1.5168e+00	1.0860e+00	-7.4980e-01	1.3016e+00	-9.8950e-01	-3.2190e-01	-1.1610e+00
3.0372e+02	1.5174e+00	1.0849e+00	-7.5060e-01	1.3079e+00	-9.8900e-01	-3.2110e-01	-1.1615e+00
3.0373e+02	1.5180e+00	1.0838e+00	-7.5140e-01	1.3140e+00	-9.8860e-01	-3.2040e-01	-1.1618e+00
3.0373e+02	1.5186e+00	1.0827e+00	-7.5230e-01	1.3202e+00	-9.8830e-01	-3.1980e-01	-1.1618e+00
3.0373e+02	1.5192e+00	1.0816e+00	-7.5320e-01	1.3263e+00	-9.8800e-01	-3.1910e-01	-1.1618e+00
3.0373e+02	1.5199e+00	1.0805e+00	-7.5410e-01	1.3323e+00	-9.8780e-01	-3.1860e-01	-1.1616e+00
3.0373e+02	1.5206e+00	1.0794e+00	-7.5500e-01	1.3382e+00	-9.8750e-01	-3.1800e-01	-1.1614e+00
3.0374e+02	1.5213e+00	1.0783e+00	-7.5590e-01	1.3441e+00	-9.8730e-01	-3.1740e-01	-1.1612e+00
3.0374e+02	1.5221e+00	1.0771e+00	-7.5690e-01	1.3498e+00	-9.8700e-01	-3.1690e-01	-1.1610e+00
3.0374e+02	1.5228e+00	1.0759e+00	-7.5790e-01	1.3556e+00	-9.8680e-01	-3.1650e-01	-1.1608e+00
3.0374e+02	1.5236e+00	1.0747e+00	-7.5900e-01	1.3611e+00	-9.8640e-01	-3.1600e-01	-1.1605e+00
3.0374e+02	1.5244e+00	1.0735e+00	-7.6010e-01	1.3664e+00	-9.8600e-01	-3.1560e-01	-1.1603e+00
3.0375e+02	1.5252e+00	1.0723e+00	-7.6130e-01	1.3718e+00	-9.8560e-01	-3.1510e-01	-1.1601e+00
3.0375e+02	1.5260e+00	1.0710e+00	-7.6250e-01	1.3770e+00	-9.8510e-01	-3.1460e-01	-1.1598e+00
