2.4165e+02	1.7924e+00	1.3710e-01	-5.9440e-01	1.1777e+00	-1.5609e+00	-8.5100e-02	-7.5560e-01
2.4165e+02	1.7924e+00	1.3810e-01	-5.9540e-01	1.1800e+00	-1.5609e+00	-8.5200e-02	-7.5560e-01
2.4165e+02	1.7924e+00	1.3910e-01	-5.9650e-01	1.1822e+00	-1.5609e+00	-8.5300e-02	-7.5550e-01
2.4165e+02	1.7924e+00	1.4000e-01	-5.9760e-01	1.1845e+00	-1.5608e+00	-8.5400e-02	-7.5540e-01
2.4165e+02	1.7924e+00	1.4100e-01	-5.9880e-01	1.1867e+00	-1.5608e+00	-8.5500e-02	-7.5530e-01
2.4166e+02	1.7924e+00	1.4210e-01	-5.9990e-01	1.1889e+00	-1.5607e+00	-8.5500e-02	-7.5520e-01
2.4166e+02	1.7924e+00	1.4310e-01	-6.0110e-01	1.1912e+00	-1.5606e+00	-8.5600e-02	-7.5510e-01
2.4166e+02	1.7924e+00	1.4420e-01	-6.0230e-01	1.1935e+00	-1.5605e+00	-8.5800e-02	-7.5500e-01
2.4166e+02	1.7924e+00	1.4530e-01	-6.0340e-01	1.1957e+00	-1.5604e+00	-8.5900e-02	-7.5490e-01
2.4166e+02	1.7924e+00	1.4640e-01	-6.0460e-01	1.1980e+00	-1.5603e+00	-8.6100e-02	-7.5490e-01
2.4167e+02	1.7924e+00	1.4750e-01	-6.0580e-01	1.2004e+00	-1.5602e+00	-8.6200e-02	-7.5480e-01
2.4167e+02	1.7924e+00	1.4870e-01	-6.0700e-01	1.2026e+00	-1.5601e+00	-8.6300e-02	-7.5480e-01
2.4167e+02	1.7924e+00	1.4990e-01	-6.0820e-01	1.2050e+00	-1.5599e+00	-8.6500e-02	-7.5490e-01
2.4167e+02	1.7924e+00	1.5120e-01	-6.0950e-01	1.2074e+00	-1.5598e+00	-8.6600e-02	-7.5490e-01
2.4167e+02	1.7924e+00	1.5240e-01	-6.1070e-01	1.2097e+00	-1.5597e+00	-8.6800e-02	-7.5490e-01
2.4168e+02	1.7924e+00	1.5370e-01	-6.1190e-01	1.2121e+00	-1.5595e+00	-8.6900e-02	-7.5490e-01
2.4168e+02	1.7924e+00	1.5500e-01	-6.1310e-01	1.2145e+00	-1.5593e+00	-8.7100e-02	-7.5490e-01
2.4168e+02	1.7924e+00	1.5640e-01	-6.1440e-01	1.2169e+00	-1.5590e+00	-8.7300e-02	-7.5490e-01
2.4168e+02	1.7924e+00	1.5770e-01	-6.1570e-01	1.2193e+00	-1.5588e+00	-8.7400e-02	-7.5480e-01
2.4168e+02	1.7924e+00	1.5920e-01	-6.1700e-01	1.2217e+00	-1.5587e+00	-8.7700e-02	-7.5470e-01
2.4169e+02	1.7924e+00	1.6060e-01	-6.1830e-01	1.2241e+00	-1.5585e+00	-8.7900e-02	-7.5450e-01
2.4169e+02	1.7924e+00	1.6210e-01	-6.1950e-01	1.2265e+00	-1.5583e+00	-8.8200e-02	-7.5420e-01
2.4169e+02	1.7924e+00	1.6360e-01	-6.2090e-01	1.2289e+00	-1.5581e+00	-8.8400e-02	-7.5390e-01
2.4169e+02	1.7924e+00	1.6500e-01	-6.2220e-01	1.2313e+00	-1.5579e+00	-8.8600e-02	-7.5360e-01
2.4169e+02	1.7924e+00	1.6650e-01	-6.2360e-01	1.2338e+00	-1.5577e+00	-8.8900e-02	-7.5330e-01
2.4170e+02	1.7924e+00	1.6810e-01	-6.2500e-01	1.2362e+00	-1.5576e+00	-8.9300e-02	-7.5290e-01
2.4170e+02	1.7924e+00	1.6960e-01	-6.2640e-01	1.2387e+00	-1.5575e+00	-8.9600e-02	-7.5260e-01
2.4170e+02	1.7924e+00	1.7110e-01	-6.2780e-01	1.2411e+00	-1.5574e+00	-9.0000e-02	-7.5230e-01
2.4170e+02	1.7924e+00	1.7280e-01	-6.2930e-01	1.2436e+00	-1.5573e+00	-9.0400e-02	-7.5190e-01
2.4170e+02	1.7924e+00	1.7440e-01	-6.3070e-01	1.2461e+00	-1.5573e+00	-9.0800e-02	-7.5150e-01
2.4171e+02	1.7924e+00	1.7600e-01	-6.3230e-01	1.2486e+00	-1.5571e+00	-9.1200e-02	-7.5110e-01
2.4171e+02	1.7924e+00	1.7780e-01	-6.3390e-01	1.2511e+00	-1.5569e+00	-9.1500e-02	-7.5060e-01
2.4171e+02	1.7924e+00	1.7960e-01	-6.3540e-01	1.2535e+00	-1.5567e+00	-9.1800e-02	-7.5010e-01
2.4171e+02	1.7924e+00	1.8130e-01	-6.3700e-01	1.2561e+00	-1.5563e+00	-9.2100e-02	-7.4960e-01
2.4171e+02	1.7924e+00	1.8320e-01	-6.3860e-01	1.2586e+00	-1.5559e+00	-9.2500e-02	-7.4920e-01
2.4172e+02	1.7924e+00	1.8510e-01	-6.4010e-01	1.2611e+00	-1.5555e+00	-9.3000e-02	-7.4880e-01
2.4172e+02	1.7924e+00	1.8690e-01	-6.4170e-01	1.2637e+00	-1.5550e+00	-9.3600e-02	-7.4860e-01
2.4172e+02	1.7924e+00	1.8890e-01	-6.4330e-01	1.2662e+00	-1.5545e+00	-9.4300e-02	-7.4840e-01
2.4172e+02	1.7924e+00	1.9090e-01	-6.4500e-01	1.2688e+00	-1.5540e+00	-9.5200e-02	-7.4820e-01
2.4172e+02	1.7924e+00	1.9280e-01	-6.4670e-01	1.2713e+00	-1.5533e+00	-9.6100e-02	-7.4810e-01
2.4173e+02	1.7924e+00	1.9480e-01	-6.4840e-01	1.2737e+00	-1.5526e+00	-9.7000e-02	-7.4810e-01
2.4173e+02	1.7924e+00	1.9680e-01	-6.5020e-01	1.2761e+00	-1.5519e+00	-9.7900e-02	-7.4810e-01
2.4173e+02	1.7924e+00	1.9880e-01	-6.5190e-01	1.2787e+00	-1.5513e+00	-9.8700e-02	-7.4820e-01
2.4173e+02	1.7924e+00	2.0090e-01	-6.5380e-01	1.2812e+00	-1.5507e+00	-9.9500e-02	-7.4820e-01
2.4173e+02	1.7924e+00	2.0300e-01	-6.5560e-01	1.2837e+00	-1.5501e+00	-1.0030e-01	-7.4830e-01
2.4174e+02	1.7924e+00	2.0520e-01	-6.5750e-01	1.2863e+00	-1.5495e+00	-1.0100e-01	-7.4840e-01
2.4174e+02	1.7924e+00	2.0740e-01	-6.5950e-01	1.2888e+00	-1.5490e+00	-1.0190e-01	-7.4850e-01
2.4174e+02	1.7923e+00	2.0960e-01	-6.6140e-01	1.2912e+00	-1.5484e+00	-1.0280e-01	-7.4870e-01
2.4174e+02	1.7923e+00	2.1190e-01	-6.6320e-01	1.2938e+00	-1.5479e+00	-1.0380e-01	-7.4900e-01
2.4174e+02	1.7923e+00	2.1420e-01	-6.6520e-01	1.2963e+00	-1.5474e+00	-1.0480e-01	-7.4920e-01
2.4175e+02	1.7923e+00	2.1660e-01	-6.6720e-01	1.2988e+00	-1.5469e+00	-1.0580e-01	-7.4940e-01
2.4175e+02	1.7923e+00	2.1900e-01	-6.6920e-01	1.3014e+00	-1.5464e+00	-1.0680e-01	-7.4950e-01
2.4175e+02	1.7923e+00	2.2150e-01	-6.7130e-01	1.3039e+00	-1.5459e+00	-1.0790e-01	-7.4970e-01
2.4175e+02	1.7923e+00	2.2390e-01	-6.7320e-01	1.3063e+00	-1.5454e+00	-1.0900e-01	-7.4980e-01
2.4175e+02	1.7923e+00	2.2630e-01	-6.7520e-01	1.3088e+00	-1.5449e+00	-1.1020e-01	-7.4990e-01
2.4176e+02	1.7923e+00	2.2890e-01	-6.7730e-01	1.3113e+00	-1.5443e+00	-1.1130e-01	-7.5000e-01
2.4176e+02	1.7923e+00	2.3140e-01	-6.7930e-01	1.3138e+00	-1.5437e+00	-1.1240e-01	-7.5010e-01
2.4176e+02	1.7923e+00	2.3400e-01	-6.8130e-01	1.3162e+00	-1.5430e+00	-1.1350e-01	-7.5010e-01
2.4176e+02	1.7923e+00	2.3670e-01	-6.8340e-01	1.3187e+00	-1.5424e+00	-1.1460e-01	-7.5010e-01
2.4176e+02	1.7923e+00	2.3930e-01	-6.8550e-01	1.3212e+00	-1.5417e+00	-1.1560e-01	-7.5020e-01
2.4177e+02	1.7922e+00	2.4190e-01	-6.8750e-01	1.3238e+00	-1.5411e+00	-1.1660e-01	-7.5020e-01
2.4177e+02	1.7922e+00	2.4470e-01	-6.8960e-01	1.3262e+00	-1.5405e+00	-1.1760e-01	-7.5020e-01
2.4177e+02	1.7922e+00	2.4740e-01	-6.9160e-01	1.3287e+00	-1.5400e+00	-1.1860e-01	-7.5020e-01
2.4177e+02	1.7922e+00	2.5010e-01	-6.9360e-01	1.3311e+00	-1.5394e+00	-1.1950e-01	-7.5020e-01
2.4177e+02	1.7922e+00	2.5300e-01	-6.9560e-01	1.3336e+00	-1.5388e+00	-1.2050e-01	-7.5010e-01
2.4178e+02	1.7921e+00	2.5580e-01	-6.9770e-01	1.3361e+00	-1.5381e+00	-1.2140e-01	-7.5000e-01
2.4178e+02	1.7921e+00	2.5870e-01	-6.9970e-01	1.3385e+00	-1.5374e+00	-1.2250e-01	-7.4990e-01
2.4178e+02	1.7921e+00	2.6160e-01	-7.0160e-01	1.3408e+00	-1.5365e+00	-1.2350e-01	-7.4980e-01
2.4178e+02	1.7920e+00	2.6460e-01	-7.0350e-01	1.3432e+00	-1.5355e+00	-1.2460e-01	-7.4980e-01
2.4178e+02	1.7920e+00	2.6750e-01	-7.0540e-01	1.3455e+00	-1.5345e+00	-1.2580e-01	-7.4970e-01
2.4179e+02	1.7919e+00	2.7060e-01	-7.0740e-01	1.3479e+00	-1.5333e+00	-1.2680e-01	-7.4970e-01
2.4179e+02	1.7919e+00	2.7370e-01	-7.0940e-01	1.3502e+00	-1.5322e+00	-1.2790e-01	-7.4970e-01
2.4179e+02	1.7918e+00	2.7680e-01	-7.1130e-01	1.3525e+00	-1.5311e+00	-1.2890e-01	-7.4980e-01
2.4179e+02	1.7917e+00	2.7990e-01	-7.1320e-01	1.3549e+00	-1.5301e+00	-1.2990e-01	-7.4980e-01
2.4179e+02	1.7916e+00	2.8310e-01	-7.1500e-01	1.3572e+00	-1.5292e+00	-1.3080e-01	-7.4990e-01
2.4180e+02	1.7915e+00	2.8620e-01	-7.1690e-01	1.3596e+00	-1.5283e+00	-1.3170e-01	-7.4990e-01
2.4180e+02	1.7914e+00	2.8950e-01	-7.1890e-01	1.3620e+00	-1.5275e+00	-1.3260e-01	-7.4990e-01
2.4180e+02	1.7912e+00	2.9270e-01	-7.2080e-01	1.3645e+00	-1.5267e+00	-1.3340e-01	-7.4990e-01
2.4180e+02	1.7911e+00	2.9600e-01	-7.2280e-01	1.3668e+00	-1.5258e+00	-1.3420e-01	-7.4990e-01
2.4180e+02	1.7909e+00	2.9950e-01	-7.2480e-01	1.3690e+00	-1.5250e+00	-1.3510e-01	-7.4980e-01
2.4181e+02	1.7907e+00	3.0280e-01	-7.2660e-01	1.3711e+00	-1.5240e+00	-1.3600e-01	-7.4980e-01
2.4181e+02	1.7905e+00	3.0620e-01	-7.2840e-01	1.3734e+00	-1.5229e+00	-1.3700e-01	-7.4980e-01
2.4181e+02	1.7902e+00	3.0970e-01	-7.3030e-01	1.3757e+00	-1.5218e+00	-1.3800e-01	-7.4980e-01
2.4181e+02	1.7900e+00	3.1330e-01	-7.3220e-01	1.3779e+00	-1.5208e+00	-1.3890e-01	-7.4980e-01
2.4181e+02	1.7897e+00	3.1690e-01	-7.3410e-01	1.3802e+00	-1.5197e+00	-1.3990e-01	-7.4990e-01
2.4182e+02	1.7893e+00	3.2050e-01	-7.3580e-01	1.3824e+00	-1.5186e+00	-1.4080e-01	-7.4990e-01
2.4182e+02	1.7890e+00	3.2410e-01	-7.3740e-01	1.3846e+00	-1.5175e+00	-1.4160e-01	-7.4990e-01
2.4182e+02	1.7887e+00	3.2770e-01	-7.3910e-01	1.3868e+00	-1.5166e+00	-1.4250e-01	-7.5000e-01
2.4182e+02	1.7883e+00	3.3150e-01	-7.4080e-01	1.3890e+00	-1.5157e+00	-1.4330e-01	-7.5000e-01
2.4182e+02	1.7879e+00	3.3520e-01	-7.4250e-01	1.3911e+00	-1.5149e+00	-1.4410e-01	-7.5000e-01
2.4183e+02	1.7875e+00	3.3890e-01	-7.4410e-01	1.3934e+00	-1.5142e+00	-1.4490e-01	-7.4990e-01
2.4183e+02	1.7870e+00	3.4280e-01	-7.4570e-01	1.3956e+00	-1.5135e+00	-1.4570e-01	-7.4990e-01
2.4183e+02	1.7866e+00	3.4660e-01	-7.4730e-01	1.3978e+00	-1.5126e+00	-1.4650e-01	-7.4980e-01
2.4183e+02	1.7861e+00	3.5040e-01	-7.4890e-01	1.3999e+00	-1.5116e+00	-1.4740e-01	-7.4980e-01
2.4183e+02	1.7856e+00	3.5440e-01	-7.5050e-01	1.4019e+00	-1.5106e+00	-1.4830e-01	-7.4980e-01
2.4184e+02	1.7851e+00	3.5830e-01	-7.5210e-01	1.4040e+00	-1.5095e+00	-1.4930e-01	-7.4980e-01
2.4184e+02	1.7845e+00	3.6220e-01	-7.5350e-01	1.4061e+00	-1.5083e+00	-1.5040e-01	-7.4980e-01
2.4184e+02	1.7839e+00	3.6640e-01	-7.5510e-01	1.4081e+00	-1.5072e+00	-1.5160e-01	-7.4990e-01
2.4184e+02	1.7834e+00	3.7050e-01	-7.5670e-01	1.4101e+00	-1.5060e+00	-1.5270e-01	-7.4990e-01
2.4184e+02	1.7828e+00	3.7460e-01	-7.5830e-01	1.4122e+00	-1.5048e+00	-1.5380e-01	-7.5000e-01
2.4185e+02	1.7821e+00	3.7890e-01	-7.5980e-01	1.4142e+00	-1.5038e+00	-1.5480e-01	-7.5000e-01
2.4185e+02	1.7815e+00	3.8310e-01	-7.6130e-01	1.4162e+00	-1.5028e+00	-1.5570e-01	-7.5000e-01
2.4185e+02	1.7808e+00	3.8740e-01	-7.6260e-01	1.4183e+00	-1.5019e+00	-1.5670e-01	-7.5000e-01
2.4185e+02	1.7801e+00	3.9180e-01	-7.6420e-01	1.4203e+00	-1.5009e+00	-1.5770e-01	-7.5000e-01
2.4185e+02	1.7794e+00	3.9620e-01	-7.6580e-01	1.4223e+00	-1.4998e+00	-1.5880e-01	-7.5000e-01
2.4186e+02	1.7787e+00	4.0050e-01	-7.6720e-01	1.4243e+00	-1.4985e+00	-1.6010e-01	-7.5000e-01
2.4186e+02	1.7779e+00	4.0500e-01	-7.6860e-01	1.4261e+00	-1.4970e+00	-1.6140e-01	-7.5010e-01
2.4186e+02	1.7771e+00	4.0940e-01	-7.6990e-01	1.4280e+00	-1.4954e+00	-1.6270e-01	-7.5010e-01
2.4186e+02	1.7764e+00	4.1380e-01	-7.7110e-01	1.4299e+00	-1.4938e+00	-1.6410e-01	-7.5020e-01
2.4186e+02	1.7755e+00	4.1840e-01	-7.7230e-01	1.4318e+00	-1.4922e+00	-1.6560e-01	-7.5020e-01
2.4187e+02	1.7746e+00	4.2300e-01	-7.7350e-01	1.4336e+00	-1.4907e+00	-1.6710e-01	-7.5030e-01
2.4187e+02	1.7738e+00	4.2760e-01	-7.7480e-01	1.4354e+00	-1.4892e+00	-1.6860e-01	-7.5040e-01
2.4187e+02	1.7729e+00	4.3230e-01	-7.7600e-01	1.4373e+00	-1.4877e+00	-1.7000e-01	-7.5040e-01
2.4187e+02	1.7719e+00	4.3700e-01	-7.7700e-01	1.4390e+00	-1.4862e+00	-1.7140e-01	-7.5050e-01
2.4187e+02	1.7709e+00	4.4170e-01	-7.7800e-01	1.4409e+00	-1.4847e+00	-1.7290e-01	-7.5050e-01
2.4188e+02	1.7699e+00	4.4650e-01	-7.7910e-01	1.4426e+00	-1.4831e+00	-1.7450e-01	-7.5060e-01
2.4188e+02	1.7689e+00	4.5130e-01	-7.8020e-01	1.4443e+00	-1.4815e+00	-1.7600e-01	-7.5060e-01
2.4188e+02	1.7679e+00	4.5610e-01	-7.8120e-01	1.4459e+00	-1.4799e+00	-1.7760e-01	-7.5060e-01
2.4188e+02	1.7668e+00	4.6110e-01	-7.8210e-01	1.4476e+00	-1.4784e+00	-1.7920e-01	-7.5060e-01
2.4188e+02	1.7657e+00	4.6590e-01	-7.8300e-01	1.4492e+00	-1.4768e+00	-1.8080e-01	-7.5070e-01
2.4189e+02	1.7646e+00	4.7090e-01	-7.8380e-01	1.4508e+00	-1.4753e+00	-1.8240e-01	-7.5070e-01
2.4189e+02	1.7634e+00	4.7600e-01	-7.8460e-01	1.4524e+00	-1.4737e+00	-1.8400e-01	-7.5070e-01
2.4189e+02	1.7622e+00	4.8110e-01	-7.8540e-01	1.4539e+00	-1.4721e+00	-1.8560e-01	-7.5060e-01
2.4189e+02	1.7611e+00	4.8610e-01	-7.8620e-01	1.4555e+00	-1.4703e+00	-1.8730e-01	-7.5060e-01
2.4189e+02	1.7598e+00	4.9120e-01	-7.8700e-01	1.4569e+00	-1.4686e+00	-1.8910e-01	-7.5060e-01
2.4190e+02	1.7586e+00	4.9640e-01	-7.8760e-01	1.4583e+00	-1.4668e+00	-1.9090e-01	-7.5070e-01
2.4190e+02	1.7573e+00	5.0160e-01	-7.8810e-01	1.4597e+00	-1.4650e+00	-1.9270e-01	-7.5070e-01
2.4190e+02	1.7560e+00	5.0680e-01	-7.8870e-01	1.4612e+00	-1.4632e+00	-1.9460e-01	-7.5080e-01
2.4190e+02	1.7547e+00	5.1200e-01	-7.8930e-01	1.4625e+00	-1.4614e+00	-1.9640e-01	-7.5090e-01
2.4190e+02	1.7534e+00	5.1710e-01	-7.8980e-01	1.4638e+00	-1.4595e+00	-1.9820e-01	-7.5090e-01
2.4191e+02	1.7520e+00	5.2250e-01	-7.9010e-01	1.4651e+00	-1.4577e+00	-2.0000e-01	-7.5100e-01
2.4191e+02	1.7506e+00	5.2770e-01	-7.9050e-01	1.4663e+00	-1.4559e+00	-2.0190e-01	-7.5100e-01
2.4191e+02	1.7492e+00	5.3300e-01	-7.9070e-01	1.4674e+00	-1.4541e+00	-2.0380e-01	-7.5110e-01
2.4191e+02	1.7478e+00	5.3850e-01	-7.9080e-01	1.4684e+00	-1.4522e+00	-2.0570e-01	-7.5110e-01
2.4191e+02	1.7464e+00	5.4390e-01	-7.9080e-01	1.4695e+00	-1.4503e+00	-2.0760e-01	-7.5110e-01
2.4192e+02	1.7449e+00	5.4930e-01	-7.9090e-01	1.4705e+00	-1.4484e+00	-2.0950e-01	-7.5120e-01
2.4192e+02	1.7434e+00	5.5490e-01	-7.9090e-01	1.4715e+00	-1.4465e+00	-2.1150e-01	-7.5120e-01
2.4192e+02	1.7419e+00	5.6050e-01	-7.9080e-01	1.4724e+00	-1.4447e+00	-2.1340e-01	-7.5130e-01
2.4192e+02	1.7403e+00	5.6610e-01	-7.9070e-01	1.4733e+00	-1.4428e+00	-2.1540e-01	-7.5140e-01
2.4192e+02	1.7387e+00	5.7180e-01	-7.9050e-01	1.4742e+00	-1.4410e+00	-2.1720e-01	-7.5160e-01
2.4193e+02	1.7371e+00	5.7750e-01	-7.9030e-01	1.4749e+00	-1.4392e+00	-2.1900e-01	-7.5190e-01
2.4193e+02	1.7355e+00	5.8310e-01	-7.9010e-01	1.4757e+00	-1.4374e+00	-2.2090e-01	-7.5220e-01
2.4193e+02	1.7338e+00	5.8900e-01	-7.8980e-01	1.4763e+00	-1.4355e+00	-2.2270e-01	-7.5260e-01
2.4193e+02	1.7321e+00	5.9480e-01	-7.8950e-01	1.4769e+00	-1.4337e+00	-2.2440e-01	-7.5290e-01
2.4193e+02	1.7305e+00	6.0060e-01	-7.8930e-01	1.4774e+00	-1.4320e+00	-2.2620e-01	-7.5330e-01
2.4194e+02	1.7288e+00	6.0660e-01	-7.8900e-01	1.4779e+00	-1.4303e+00	-2.2790e-01	-7.5370e-01
2.4194e+02	1.7271e+00	6.1250e-01	-7.8850e-01	1.4784e+00	-1.4286e+00	-2.2960e-01	-7.5400e-01
2.4194e+02	1.7254e+00	6.1820e-01	-7.8800e-01	1.4788e+00	-1.4269e+00	-2.3130e-01	-7.5430e-01
2.4194e+02	1.7236e+00	6.2430e-01	-7.8750e-01	1.4790e+00	-1.4252e+00	-2.3300e-01	-7.5450e-01
2.4194e+02	1.7219e+00	6.3020e-01	-7.8680e-01	1.4793e+00	-1.4234e+00	-2.3470e-01	-7.5480e-01
2.4195e+02	1.7202e+00	6.3620e-01	-7.8610e-01	1.4794e+00	-1.4217e+00	-2.3650e-01	-7.5500e-01
2.4195e+02	1.7184e+00	6.4240e-01	-7.8540e-01	1.4795e+00	-1.4201e+00	-2.3810e-01	-7.5520e-01
2.4195e+02	1.7166e+00	6.4830e-01	-7.8460e-01	1.4795e+00	-1.4186e+00	-2.3970e-01	-7.5540e-01
2.4195e+02	1.7148e+00	6.5420e-01	-7.8370e-01	1.4795e+00	-1.4171e+00	-2.4120e-01	-7.5550e-01
2.4195e+02	1.7129e+00	6.6050e-01	-7.8270e-01	1.4795e+00	-1.4156e+00	-2.4260e-01	-7.5560e-01
2.4196e+02	1.7111e+00	6.6660e-01	-7.8170e-01	1.4795e+00	-1.4142e+00	-2.4410e-01	-7.5580e-01
2.4196e+02	1.7093e+00	6.7270e-01	-7.8070e-01	1.4794e+00	-1.4127e+00	-2.4560e-01	-7.5590e-01
2.4196e+02	1.7074e+00	6.7890e-01	-7.7970e-01	1.4793e+00	-1.4112e+00	-2.4720e-01	-7.5600e-01
2.4196e+02	1.7056e+00	6.8510e-01	-7.7850e-01	1.4792e+00	-1.4097e+00	-2.4880e-01	-7.5620e-01
2.4196e+02	1.7037e+00	6.9120e-01	-7.7740e-01	1.4790e+00	-1.4082e+00	-2.5030e-01	-7.5640e-01
2.4197e+02	1.7018e+00	6.9750e-01	-7.7630e-01	1.4789e+00	-1.4068e+00	-2.5170e-01	-7.5650e-01
2.4197e+02	1.6999e+00	7.0380e-01	-7.7500e-01	1.4786e+00	-1.4054e+00	-2.5310e-01	-7.5660e-01
2.4197e+02	1.6981e+00	7.1000e-01	-7.7370e-01	1.4783e+00	-1.4039e+00	-2.5450e-01	-7.5670e-01
2.4197e+02	1.6962e+00	7.1640e-01	-7.7240e-01	1.4779e+00	-1.4024e+00	-2.5590e-01	-7.5670e-01
2.4197e+02	1.6943e+00	7.2250e-01	-7.7110e-01	1.4774e+00	-1.4008e+00	-2.5740e-01	-7.5670e-01
2.4198e+02	1.6925e+00	7.2870e-01	-7.6980e-01	1.4770e+00	-1.3991e+00	-2.5890e-01	-7.5660e-01
2.4198e+02	1.6906e+00	7.3510e-01	-7.6820e-01	1.4765e+00	-1.3974e+00	-2.6050e-01	-7.5650e-01
2.4198e+02	1.6888e+00	7.4130e-01	-7.6660e-01	1.4759e+00	-1.3956e+00	-2.6220e-01	-7.5640e-01
2.4198e+02	1.6870e+00	7.4740e-01	-7.6500e-01	1.4753e+00	-1.3939e+00	-2.6380e-01	-7.5630e-01
2.4198e+02	1.6852e+00	7.5370e-01	-7.6340e-01	1.4746e+00	-1.3921e+00	-2.6550e-01	-7.5620e-01
2.4199e+02	1.6833e+00	7.6000e-01	-7.6180e-01	1.4739e+00	-1.3903e+00	-2.6710e-01	-7.5600e-01
2.4199e+02	1.6815e+00	7.6610e-01	-7.6010e-01	1.4731e+00	-1.3884e+00	-2.6880e-01	-7.5580e-01
2.4199e+02	1.6798e+00	7.7240e-01	-7.5820e-01	1.4724e+00	-1.3865e+00	-2.7060e-01	-7.5560e-01
2.4199e+02	1.6780e+00	7.7870e-01	-7.5620e-01	1.4716e+00	-1.3845e+00	-2.7240e-01	-7.5530e-01
2.4199e+02	1.6763e+00	7.8490e-01	-7.5410e-01	1.4707e+00	-1.3826e+00	-2.7420e-01	-7.5510e-01
2.4200e+02	1.6746e+00	7.9130e-01	-7.5220e-01	1.4697e+00	-1.3806e+00	-2.7600e-01	-7.5490e-01
2.4200e+02	1.6729e+00	7.9750e-01	-7.5050e-01	1.4688e+00	-1.3786e+00	-2.7770e-01	-7.5480e-01
2.4200e+02	1.6712e+00	8.0360e-01	-7.4860e-01	1.4677e+00	-1.3766e+00	-2.7940e-01	-7.5460e-01
2.4200e+02	1.6695e+00	8.0990e-01	-7.4660e-01	1.4666e+00	-1.3745e+00	-2.8110e-01	-7.5440e-01
2.4200e+02	1.6678e+00	8.1610e-01	-7.4460e-01	1.4654e+00	-1.3723e+00	-2.8270e-01	-7.5420e-01
2.4201e+02	1.6662e+00	8.2210e-01	-7.4270e-01	1.4641e+00	-1.3701e+00	-2.8450e-01	-7.5400e-01
2.4201e+02	1.6646e+00	8.2840e-01	-7.4080e-01	1.4628e+00	-1.3679e+00	-2.8620e-01	-7.5380e-01
2.4201e+02	1.6630e+00	8.3450e-01	-7.3890e-01	1.4615e+00	-1.3658e+00	-2.8780e-01	-7.5370e-01
2.4201e+02	1.6615e+00	8.4060e-01	-7.3720e-01	1.4600e+00	-1.3635e+00	-2.8940e-01	-7.5370e-01
2.4201e+02	1.6600e+00	8.4680e-01	-7.3540e-01	1.4584e+00	-1.3611e+00	-2.9100e-01	-7.5380e-01
2.4202e+02	1.6585e+00	8.5290e-01	-7.3340e-01	1.4567e+00	-1.3588e+00	-2.9250e-01	-7.5390e-01
2.4202e+02	1.6570e+00	8.5900e-01	-7.3150e-01	1.4551e+00	-1.3565e+00	-2.9400e-01	-7.5400e-01
2.4202e+02	1.6555e+00	8.6510e-01	-7.2960e-01	1.4534e+00	-1.3543e+00	-2.9560e-01	-7.5420e-01
2.4202e+02	1.6541e+00	8.7100e-01	-7.2790e-01	1.4516e+00	-1.3521e+00	-2.9720e-01	-7.5440e-01
2.4202e+02	1.6527e+00	8.7700e-01	-7.2620e-01	1.4498e+00	-1.3500e+00	-2.9890e-01	-7.5470e-01
2.4203e+02	1.6514e+00	8.8310e-01	-7.2430e-01	1.4480e+00	-1.3480e+00	-3.0060e-01	-7.5490e-01
2.4203e+02	1.6501e+00	8.8900e-01	-7.2250e-01	1.4461e+00	-1.3460e+00	-3.0240e-01	-7.5520e-01
2.4203e+02	1.6489e+00	8.9470e-01	-7.2070e-01	1.4441e+00	-1.3442e+00	-3.0420e-01	-7.5550e-01
2.4203e+02	1.6477e+00	9.0060e-01	-7.1900e-01	1.4421e+00	-1.3424e+00	-3.0610e-01	-7.5570e-01
2.4203e+02	1.6465e+00	9.0640e-01	-7.1730e-01	1.4400e+00	-1.3406e+00	-3.0810e-01	-7.5600e-01
2.4204e+02	1.6454e+00	9.1200e-01	-7.1570e-01	1.4378e+00	-1.3388e+00	-3.1010e-01	-7.5630e-01
2.4204e+02	1.6443e+00	9.1770e-01	-7.1400e-01	1.4356e+00	-1.3370e+00	-3.1220e-01	-7.5650e-01
2.4204e+02	1.6433e+00	9.2340e-01	-7.1230e-01	1.4332e+00	-1.3351e+00	-3.1430e-01	-7.5680e-01
2.4204e+02	1.6423e+00	9.2890e-01	-7.1070e-01	1.4309e+00	-1.3331e+00	-3.1650e-01	-7.5710e-01
2.4204e+02	1.6413e+00	9.3450e-01	-7.0910e-01	1.4286e+00	-1.3310e+00	-3.1870e-01	-7.5730e-01
2.4205e+02	1.6403e+00	9.4000e-01	-7.0760e-01	1.4262e+00	-1.3290e+00	-3.2110e-01	-7.5760e-01
2.4205e+02	1.6395e+00	9.4530e-01	-7.0620e-01	1.4238e+00	-1.3268e+00	-3.2360e-01	-7.5780e-01
2.4205e+02	1.6386e+00	9.5070e-01	-7.0460e-01	1.4214e+00	-1.3246e+00	-3.2640e-01	-7.5790e-01
2.4205e+02	1.6378e+00	9.5600e-01	-7.0310e-01	1.4188e+00	-1.3225e+00	-3.2940e-01	-7.5800e-01
2.4205e+02	1.6370e+00	9.6120e-01	-7.0170e-01	1.4162e+00	-1.3203e+00	-3.3260e-01	-7.5810e-01
2.4206e+02	1.6363e+00	9.6640e-01	-7.0040e-01	1.4137e+00	-1.3181e+00	-3.3590e-01	-7.5820e-01
2.4206e+02	1.6356e+00	9.7150e-01	-6.9900e-01	1.4110e+00	-1.3157e+00	-3.3930e-01	-7.5820e-01
2.4206e+02	1.6349e+00	9.7650e-01	-6.9760e-01	1.4083e+00	-1.3131e+00	-3.4280e-01	-7.5820e-01
2.4206e+02	1.6343e+00	9.8160e-01	-6.9640e-01	1.4056e+00	-1.3103e+00	-3.4640e-01	-7.5820e-01
2.4206e+02	1.6337e+00	9.8650e-01	-6.9530e-01	1.4028e+00	-1.3074e+00	-3.4990e-01	-7.5830e-01
2.4207e+02	1.6332e+00	9.9120e-01	-6.9420e-01	1.4001e+00	-1.3044e+00	-3.5360e-01	-7.5830e-01
2.4207e+02	1.6327e+00	9.9590e-01	-6.9310e-01	1.3973e+00	-1.3012e+00	-3.5730e-01	-7.5850e-01
2.4207e+02	1.6323e+00	1.0004e+00	-6.9210e-01	1.3944e+00	-1.2980e+00	-3.6110e-01	-7.5860e-01
2.4207e+02	1.6319e+00	1.0048e+00	-6.9120e-01	1.3914e+00	-1.2946e+00	-3.6520e-01	-7.5880e-01
2.4207e+02	1.6315e+00	1.0093e+00	-6.9030e-01	1.3885e+00	-1.2913e+00	-3.6940e-01	-7.5890e-01
2.4208e+02	1.6313e+00	1.0135e+00	-6.8940e-01	1.3854e+00	-1.2878e+00	-3.7370e-01	-7.5910e-01
2.4208e+02	1.6310e+00	1.0176e+00	-6.8880e-01	1.3825e+00	-1.2841e+00	-3.7820e-01	-7.5920e-01
2.4208e+02	1.6308e+00	1.0218e+00	-6.8810e-01	1.3794e+00	-1.2806e+00	-3.8260e-01	-7.5940e-01
2.4208e+02	1.6306e+00	1.0258e+00	-6.8750e-01	1.3763e+00	-1.2770e+00	-3.8710e-01	-7.5960e-01
2.4208e+02	1.6306e+00	1.0297e+00	-6.8700e-01	1.3732e+00	-1.2734e+00	-3.9170e-01	-7.5980e-01
2.4209e+02	1.6306e+00	1.0334e+00	-6.8630e-01	1.3701e+00	-1.2697e+00	-3.9630e-01	-7.6000e-01
2.4209e+02	1.6306e+00	1.0371e+00	-6.8570e-01	1.3669e+00	-1.2659e+00	-4.0090e-01	-7.6030e-01
2.4209e+02	1.6306e+00	1.0407e+00	-6.8550e-01	1.3637e+00	-1.2618e+00	-4.0560e-01	-7.6070e-01
2.4209e+02	1.6307e+00	1.0442e+00	-6.8520e-01	1.3604e+00	-1.2577e+00	-4.1030e-01	-7.6110e-01
2.4209e+02	1.6307e+00	1.0475e+00	-6.8490e-01	1.3570e+00	-1.2535e+00	-4.1490e-01	-7.6160e-01
2.4210e+02	1.6308e+00	1.0507e+00	-6.8480e-01	1.3536e+00	-1.2491e+00	-4.1940e-01	-7.6230e-01
2.4210e+02	1.6309e+00	1.0540e+00	-6.8470e-01	1.3501e+00	-1.2446e+00	-4.2400e-01	-7.6320e-01
2.4210e+02	1.6311e+00	1.0571e+00	-6.8470e-01	1.3466e+00	-1.2400e+00	-4.2850e-01	-7.6410e-01
2.4210e+02	1.6313e+00	1.0601e+00	-6.8480e-01	1.3431e+00	-1.2353e+00	-4.3310e-01	-7.6520e-01
2.4210e+02	1.6315e+00	1.0630e+00	-6.8490e-01	1.3395e+00	-1.2307e+00	-4.3770e-01	-7.6650e-01
2.4211e+02	1.6317e+00	1.0658e+00	-6.8500e-01	1.3357e+00	-1.2261e+00	-4.4240e-01	-7.6800e-01
2.4211e+02	1.6321e+00	1.0685e+00	-6.8510e-01	1.3320e+00	-1.2213e+00	-4.4720e-01	-7.6980e-01
2.4211e+02	1.6325e+00	1.0712e+00	-6.8520e-01	1.3283e+00	-1.2166e+00	-4.5210e-01	-7.7190e-01
2.4211e+02	1.6329e+00	1.0737e+00	-6.8540e-01	1.3245e+00	-1.2119e+00	-4.5700e-01	-7.7430e-01
2.4211e+02	1.6334e+00	1.0762e+00	-6.8570e-01	1.3205e+00	-1.2071e+00	-4.6190e-01	-7.7710e-01
2.4212e+02	1.6339e+00	1.0786e+00	-6.8610e-01	1.3166e+00	-1.2023e+00	-4.6680e-01	-7.8020e-01
2.4212e+02	1.6345e+00	1.0809e+00	-6.8650e-01	1.3125e+00	-1.1975e+00	-4.7170e-01	-7.8360e-01
2.4212e+02	1.6351e+00	1.0830e+00	-6.8700e-01	1.3085e+00	-1.1927e+00	-4.7660e-01	-7.8730e-01
2.4212e+02	1.6357e+00	1.0851e+00	-6.8750e-01	1.3045e+00	-1.1880e+00	-4.8150e-01	-7.9120e-01
2.4212e+02	1.6363e+00	1.0871e+00	-6.8810e-01	1.3003e+00	-1.1834e+00	-4.8620e-01	-7.9540e-01
2.4213e+02	1.6370e+00	1.0889e+00	-6.8890e-01	1.2962e+00	-1.1787e+00	-4.9110e-01	-7.9980e-01
2.4213e+02	1.6376e+00	1.0907e+00	-6.8970e-01	1.2921e+00	-1.1740e+00	-4.9600e-01	-8.0460e-01
2.4213e+02	1.6383e+00	1.0924e+00	-6.9050e-01	1.2878e+00	-1.1693e+00	-5.0100e-01	-8.0970e-01
2.4213e+02	1.6390e+00	1.0940e+00	-6.9140e-01	1.2836e+00	-1.1644e+00	-5.0610e-01	-8.1520e-01
2.4213e+02	1.6398e+00	1.0956e+00	-6.9230e-01	1.2794e+00	-1.1593e+00	-5.1120e-01	-8.2080e-01
2.4214e+02	1.6405e+00	1.0970e+00	-6.9330e-01	1.2751e+00	-1.1542e+00	-5.1620e-01	-8.2670e-01
2.4214e+02	1.6413e+00	1.0984e+00	-6.9440e-01	1.2708e+00	-1.1489e+00	-5.2130e-01	-8.3280e-01
2.4214e+02	1.6421e+00	1.0996e+00	-6.9540e-01	1.2666e+00	-1.1437e+00	-5.2620e-01	-8.3920e-01
2.4214e+02	1.6429e+00	1.1008e+00	-6.9640e-01	1.2622e+00	-1.1385e+00	-5.3120e-01	-8.4570e-01
2.4214e+02	1.6437e+00	1.1018e+00	-6.9750e-01	1.2579e+00	-1.1332e+00	-5.3620e-01	-8.5240e-01
2.4215e+02	1.6446e+00	1.1028e+00	-6.9870e-01	1.2536e+00	-1.1280e+00	-5.4140e-01	-8.5930e-01
2.4215e+02	1.6454e+00	1.1037e+00	-6.9980e-01	1.2493e+00	-1.1229e+00	-5.4650e-01	-8.6620e-01
2.4215e+02	1.6463e+00	1.1044e+00	-7.0100e-01	1.2450e+00	-1.1178e+00	-5.5180e-01	-8.7310e-01
2.4215e+02	1.6472e+00	1.1052e+00	-7.0240e-01	1.2408e+00	-1.1126e+00	-5.5700e-01	-8.8000e-01
2.4215e+02	1.6481e+00	1.1058e+00	-7.0370e-01	1.2365e+00	-1.1074e+00	-5.6220e-01	-8.8670e-01
2.4216e+02	1.6490e+00	1.1064e+00	-7.0490e-01	1.2322e+00	-1.1021e+00	-5.6740e-01	-8.9330e-01
2.4216e+02	1.6499e+00	1.1070e+00	-7.0610e-01	1.2280e+00	-1.0970e+00	-5.7230e-01	-8.9980e-01
2.4216e+02	1.6509e+00	1.1075e+00	-7.0730e-01	1.2236e+00	-1.0921e+00	-5.7700e-01	-9.0600e-01
2.4216e+02	1.6518e+00	1.1080e+00	-7.0840e-01	1.2193e+00	-1.0872e+00	-5.8170e-01	-9.1210e-01
2.4216e+02	1.6528e+00	1.1083e+00	-7.0950e-01	1.2152e+00	-1.0826e+00	-5.8630e-01	-9.1810e-01
2.4217e+02	1.6539e+00	1.1086e+00	-7.1050e-01	1.2109e+00	-1.0782e+00	-5.9070e-01	-9.2390e-01
2.4217e+02	1.6549e+00	1.1088e+00	-7.1140e-01	1.2064e+00	-1.0739e+00	-5.9490e-01	-9.2950e-01
2.4217e+02	1.6560e+00	1.1090e+00	-7.1230e-01	1.2018e+00	-1.0699e+00	-5.9900e-01	-9.3500e-01
2.4217e+02	1.6571e+00	1.1090e+00	-7.1310e-01	1.1973e+00	-1.0660e+00	-6.0280e-01	-9.4030e-01
2.4217e+02	1.6581e+00	1.1090e+00	-7.1390e-01	1.1929e+00	-1.0624e+00	-6.0620e-01	-9.4550e-01
2.4218e+02	1.6592e+00	1.1088e+00	-7.1460e-01	1.1887e+00	-1.0590e+00	-6.0910e-01	-9.5050e-01
2.4218e+02	1.6602e+00	1.1086e+00	-7.1530e-01	1.1843e+00	-1.0558e+00	-6.1170e-01	-9.5540e-01
2.4218e+02	1.6612e+00	1.1083e+00	-7.1600e-01	1.1798e+00	-1.0528e+00	-6.1400e-01	-9.6000e-01
2.4218e+02	1.6622e+00	1.1080e+00	-7.1670e-01	1.1753e+00	-1.0502e+00	-6.1610e-01	-9.6430e-01
2.4218e+02	1.6631e+00	1.1075e+00	-7.1730e-01	1.1709e+00	-1.0478e+00	-6.1800e-01	-9.6840e-01
2.4219e+02	1.6640e+00	1.1070e+00	-7.1790e-01	1.1663e+00	-1.0456e+00	-6.1980e-01	-9.7210e-01
2.4219e+02	1.6649e+00	1.1064e+00	-7.1850e-01	1.1618e+00	-1.0437e+00	-6.2140e-01	-9.7570e-01
2.4219e+02	1.6658e+00	1.1059e+00	-7.1910e-01	1.1573e+00	-1.0419e+00	-6.2300e-01	-9.7900e-01
2.4219e+02	1.6667e+00	1.1052e+00	-7.1970e-01	1.1527e+00	-1.0401e+00	-6.2440e-01	-9.8200e-01
2.4219e+02	1.6677e+00	1.1046e+00	-7.2020e-01	1.1481e+00	-1.0385e+00	-6.2590e-01	-9.8490e-01
2.4220e+02	1.6687e+00	1.1039e+00	-7.2070e-01	1.1435e+00	-1.0370e+00	-6.2730e-01	-9.8760e-01
2.4220e+02	1.6697e+00	1.1031e+00	-7.2110e-01	1.1387e+00	-1.0357e+00	-6.2870e-01	-9.9020e-01
2.4220e+02	1.6707e+00	1.1023e+00	-7.2160e-01	1.1341e+00	-1.0344e+00	-6.3020e-01	-9.9260e-01
2.4220e+02	1.6718e+00	1.1014e+00	-7.2200e-01	1.1293e+00	-1.0333e+00	-6.3150e-01	-9.9500e-01
2.4220e+02	1.6729e+00	1.1005e+00	-7.2230e-01	1.1244e+00	-1.0322e+00	-6.3290e-01	-9.9730e-01
2.4221e+02	1.6740e+00	1.0995e+00	-7.2270e-01	1.1194e+00	-1.0312e+00	-6.3420e-01	-9.9960e-01
2.4221e+02	1.6751e+00	1.0985e+00	-7.2300e-01	1.1144e+00	-1.0303e+00	-6.3520e-01	-1.0017e+00
2.4221e+02	1.6761e+00	1.0975e+00	-7.2340e-01	1.1097e+00	-1.0297e+00	-6.3610e-01	-1.0039e+00
2.4221e+02	1.6772e+00	1.0964e+00	-7.2380e-01	1.1052e+00	-1.0293e+00	-6.3670e-01	-1.0059e+00
2.4221e+02	1.6783e+00	1.0952e+00	-7.2420e-01	1.1005e+00	-1.0293e+00	-6.3710e-01	-1.0078e+00
2.4222e+02	1.6794e+00	1.0941e+00	-7.2460e-01	1.0958e+00	-1.0295e+00	-6.3730e-01	-1.0096e+00
2.4222e+02	1.6804e+00	1.0929e+00	-7.2490e-01	1.0911e+00	-1.0300e+00	-6.3730e-01	-1.0113e+00
2.4222e+02	1.6814e+00	1.0916e+00	-7.2530e-01	1.0864e+00	-1.0306e+00	-6.3720e-01	-1.0129e+00
2.4222e+02	1.6825e+00	1.0904e+00	-7.2570e-01	1.0818e+00	-1.0312e+00	-6.3710e-01	-1.0144e+00
2.4222e+02	1.6836e+00	1.0890e+00	-7.2600e-01	1.0773e+00	-1.0318e+00	-6.3690e-01	-1.0159e+00
2.4223e+02	1.6847e+00	1.0877e+00	-7.2630e-01	1.0727e+00	-1.0324e+00	-6.3660e-01	-1.0173e+00
2.4223e+02	1.6858e+00	1.0863e+00	-7.2660e-01	1.0682e+00	-1.0331e+00	-6.3630e-01	-1.0187e+00
2.4223e+02	1.6869e+00	1.0849e+00	-7.2690e-01	1.0638e+00	-1.0339e+00	-6.3600e-01	-1.0201e+00
2.4223e+02	1.6880e+00	1.0835e+00	-7.2710e-01	1.0595e+00	-1.0347e+00	-6.3570e-01	-1.0216e+00
2.4223e+02	1.6892e+00	1.0821e+00	-7.2740e-01	1.0550e+00	-1.0356e+00	-6.3530e-01	-1.0232e+00
2.4224e+02	1.6904e+00	1.0806e+00	-7.2770e-01	1.0506e+00	-1.0366e+00	-6.3490e-01	-1.0248e+00
2.4224e+02	1.6915e+00	1.0792e+00	-7.2800e-01	1.0464e+00	-1.0377e+00	-6.3450e-01	-1.0266e+00
2.4224e+02	1.6927e+00	1.0778e+00	-7.2820e-01	1.0422e+00	-1.0389e+00	-6.3400e-01	-1.0284e+00
2.4224e+02	1.6939e+00	1.0763e+00	-7.2840e-01	1.0379e+00	-1.0402e+00	-6.3330e-01	-1.0303e+00
2.4224e+02	1.6951e+00	1.0748e+00	-7.2860e-01	1.0336e+00	-1.0415e+00	-6.3260e-01	-1.0322e+00
2.4225e+02	1.6963e+00	1.0733e+00	-7.2870e-01	1.0296e+00	-1.0431e+00	-6.3170e-01	-1.0342e+00
2.4225e+02	1.6975e+00	1.0717e+00	-7.2890e-01	1.0258e+00	-1.0449e+00	-6.3080e-01	-1.0361e+00
2.4225e+02	1.6987e+00	1.0701e+00	-7.2920e-01	1.0219e+00	-1.0467e+00	-6.2990e-01	-1.0380e+00
2.4225e+02	1.7000e+00	1.0685e+00	-7.2940e-01	1.0179e+00	-1.0487e+00	-6.2890e-01	-1.0397e+00
2.4225e+02	1.7012e+00	1.0669e+00	-7.2960e-01	1.0140e+00	-1.0507e+00	-6.2770e-01	-1.0413e+00
2.4226e+02	1.7025e+00	1.0652e+00	-7.2980e-01	1.0104e+00	-1.0526e+00	-6.2650e-01	-1.0427e+00
2.4226e+02	1.7037e+00	1.0635e+00	-7.2990e-01	1.0067e+00	-1.0546e+00	-6.2510e-01	-1.0439e+00
2.4226e+02	1.7050e+00	1.0619e+00	-7.3010e-01	1.0031e+00	-1.0566e+00	-6.2360e-01	-1.0449e+00
2.4226e+02	1.7063e+00	1.0602e+00	-7.3020e-01	9.9960e-01	-1.0586e+00	-6.2200e-01	-1.0457e+00
2.4226e+02	1.7076e+00	1.0585e+00	-7.3020e-01	9.9620e-01	-1.0607e+00	-6.2020e-01	-1.0463e+00
2.4227e+02	1.7089e+00	1.0569e+00	-7.3030e-01	9.9300e-01	-1.0629e+00	-6.1840e-01	-1.0469e+00
2.4227e+02	1.7102e+00	1.0552e+00	-7.3040e-01	9.8980e-01	-1.0650e+00	-6.1650e-01	-1.0472e+00
2.4227e+02	1.7115e+00	1.0536e+00	-7.3040e-01	9.8650e-01	-1.0670e+00	-6.1460e-01	-1.0475e+00
2.4227e+02	1.7128e+00	1.0519e+00	-7.3050e-01	9.8330e-01	-1.0691e+00	-6.1270e-01	-1.0478e+00
2.4227e+02	1.7141e+00	1.0502e+00	-7.3050e-01	9.8030e-01	-1.0712e+00	-6.1070e-01	-1.0479e+00
2.4228e+02	1.7154e+00	1.0484e+00	-7.3050e-01	9.7750e-01	-1.0735e+00	-6.0860e-01	-1.0480e+00
2.4228e+02	1.7167e+00	1.0467e+00	-7.3050e-01	9.7470e-01	-1.0758e+00	-6.0650e-01	-1.0480e+00
2.4228e+02	1.7180e+00	1.0450e+00	-7.3060e-01	9.7190e-01	-1.0780e+00	-6.0430e-01	-1.0479e+00
2.4228e+02	1.7192e+00	1.0433e+00	-7.3070e-01	9.6920e-01	-1.0803e+00	-6.0210e-01	-1.0477e+00
2.4228e+02	1.7205e+00	1.0416e+00	-7.3080e-01	9.6660e-01	-1.0825e+00	-5.9990e-01	-1.0475e+00
2.4229e+02	1.7218e+00	1.0398e+00	-7.3080e-01	9.6410e-01	-1.0849e+00	-5.9770e-01	-1.0472e+00
2.4229e+02	1.7231e+00	1.0382e+00	-7.3070e-01	9.6160e-01	-1.0874e+00	-5.9530e-01	-1.0469e+00
2.4229e+02	1.7244e+00	1.0364e+00	-7.3070e-01	9.5930e-01	-1.0899e+00	-5.9280e-01	-1.0466e+00
2.4229e+02	1.7257e+00	1.0347e+00	-7.3060e-01	9.5700e-01	-1.0925e+00	-5.9030e-01	-1.0464e+00
2.4229e+02	1.7270e+00	1.0331e+00	-7.3050e-01	9.5480e-01	-1.0953e+00	-5.8750e-01	-1.0462e+00
2.4230e+02	1.7283e+00	1.0314e+00	-7.3050e-01	9.5270e-01	-1.0981e+00	-5.8480e-01	-1.0461e+00
2.4230e+02	1.7295e+00	1.0298e+00	-7.3050e-01	9.5070e-01	-1.1011e+00	-5.8190e-01	-1.0460e+00
2.4230e+02	1.7308e+00	1.0282e+00	-7.3050e-01	9.4870e-01	-1.1042e+00	-5.7890e-01	-1.0460e+00
2.4230e+02	1.7320e+00	1.0265e+00	-7.3040e-01	9.4680e-01	-1.1073e+00	-5.7570e-01	-1.0458e+00
2.4230e+02	1.7332e+00	1.0249e+00	-7.3030e-01	9.4490e-01	-1.1106e+00	-5.7210e-01	-1.0455e+00
2.4231e+02	1.7344e+00	1.0233e+00	-7.3020e-01	9.4320e-01	-1.1142e+00	-5.6820e-01	-1.0450e+00
2.4231e+02	1.7357e+00	1.0217e+00	-7.3020e-01	9.4170e-01	-1.1182e+00	-5.6400e-01	-1.0443e+00
2.4231e+02	1.7368e+00	1.0201e+00	-7.3020e-01	9.4010e-01	-1.1224e+00	-5.5940e-01	-1.0432e+00
2.4231e+02	1.7380e+00	1.0185e+00	-7.3010e-01	9.3860e-01	-1.1270e+00	-5.5470e-01	-1.0417e+00
2.4231e+02	1.7391e+00	1.0169e+00	-7.3010e-01	9.3730e-01	-1.1318e+00	-5.4970e-01	-1.0399e+00
2.4232e+02	1.7403e+00	1.0153e+00	-7.3010e-01	9.3600e-01	-1.1367e+00	-5.4470e-01	-1.0378e+00
2.4232e+02	1.7413e+00	1.0138e+00	-7.3000e-01	9.3490e-01	-1.1418e+00	-5.3970e-01	-1.0354e+00
2.4232e+02	1.7425e+00	1.0122e+00	-7.2990e-01	9.3380e-01	-1.1467e+00	-5.3460e-01	-1.0330e+00
2.4232e+02	1.7436e+00	1.0107e+00	-7.2990e-01	9.3280e-01	-1.1514e+00	-5.2950e-01	-1.0305e+00
2.4232e+02	1.7446e+00	1.0092e+00	-7.2980e-01	9.3180e-01	-1.1562e+00	-5.2430e-01	-1.0280e+00
2.4233e+02	1.7457e+00	1.0077e+00	-7.2980e-01	9.3090e-01	-1.1609e+00	-5.1900e-01	-1.0257e+00
2.4233e+02	1.7467e+00	1.0062e+00	-7.2980e-01	9.3010e-01	-1.1656e+00	-5.1340e-01	-1.0236e+00
2.4233e+02	1.7477e+00	1.0048e+00	-7.2960e-01	9.2940e-01	-1.1703e+00	-5.0770e-01	-1.0217e+00
2.4233e+02	1.7487e+00	1.0033e+00	-7.2960e-01	9.2870e-01	-1.1751e+00	-5.0160e-01	-1.0200e+00
2.4233e+02	1.7496e+00	1.0020e+00	-7.2950e-01	9.2820e-01	-1.1800e+00	-4.9540e-01	-1.0185e+00
2.4234e+02	1.7505e+00	1.0007e+00	-7.2940e-01	9.2780e-01	-1.1849e+00	-4.8890e-01	-1.0174e+00
2.4234e+02	1.7514e+00	9.9940e-01	-7.2930e-01	9.2760e-01	-1.1896e+00	-4.8230e-01	-1.0164e+00
2.4234e+02	1.7522e+00	9.9820e-01	-7.2930e-01	9.2730e-01	-1.1944e+00	-4.7550e-01	-1.0157e+00
2.4234e+02	1.7530e+00	9.9690e-01	-7.2920e-01	9.2720e-01	-1.1996e+00	-4.6850e-01	-1.0151e+00
2.4234e+02	1.7537e+00	9.9560e-01	-7.2910e-01	9.2710e-01	-1.2047e+00	-4.6140e-01	-1.0147e+00
2.4235e+02	1.7544e+00	9.9440e-01	-7.2910e-01	9.2720e-01	-1.2099e+00	-4.5400e-01	-1.0144e+00
2.4235e+02	1.7551e+00	9.9310e-01	-7.2900e-01	9.2730e-01	-1.2152e+00	-4.4660e-01	-1.0142e+00
2.4235e+02	1.7558e+00	9.9200e-01	-7.2900e-01	9.2750e-01	-1.2205e+00	-4.3920e-01	-1.0140e+00
2.4235e+02	1.7564e+00	9.9090e-01	-7.2890e-01	9.2780e-01	-1.2257e+00	-4.3170e-01	-1.0139e+00
2.4235e+02	1.7569e+00	9.8980e-01	-7.2880e-01	9.2810e-01	-1.2311e+00	-4.2430e-01	-1.0138e+00
2.4236e+02	1.7574e+00	9.8870e-01	-7.2870e-01	9.2850e-01	-1.2364e+00	-4.1690e-01	-1.0137e+00
2.4236e+02	1.7579e+00	9.8770e-01	-7.2860e-01	9.2910e-01	-1.2417e+00	-4.0960e-01	-1.0136e+00
2.4236e+02	1.7583e+00	9.8680e-01	-7.2850e-01	9.2980e-01	-1.2472e+00	-4.0240e-01	-1.0135e+00
2.4236e+02	1.7587e+00	9.8590e-01	-7.2840e-01	9.3060e-01	-1.2526e+00	-3.9530e-01	-1.0134e+00
2.4236e+02	1.7590e+00	9.8510e-01	-7.2830e-01	9.3150e-01	-1.2580e+00	-3.8850e-01	-1.0133e+00
2.4237e+02	1.7593e+00	9.8430e-01	-7.2820e-01	9.3260e-01	-1.2636e+00	-3.8170e-01	-1.0131e+00
2.4237e+02	1.7596e+00	9.8350e-01	-7.2810e-01	9.3380e-01	-1.2693e+00	-3.7510e-01	-1.0130e+00
2.4237e+02	1.7598e+00	9.8280e-01	-7.2790e-01	9.3510e-01	-1.2750e+00	-3.6870e-01	-1.0129e+00
2.4237e+02	1.7600e+00	9.8210e-01	-7.2770e-01	9.3640e-01	-1.2805e+00	-3.6250e-01	-1.0128e+00
2.4237e+02	1.7602e+00	9.8150e-01	-7.2760e-01	9.3790e-01	-1.2858e+00	-3.5670e-01	-1.0126e+00
2.4238e+02	1.7603e+00	9.8090e-01	-7.2740e-01	9.3950e-01	-1.2910e+00	-3.5120e-01	-1.0124e+00
2.4238e+02	1.7604e+00	9.8030e-01	-7.2730e-01	9.4110e-01	-1.2962e+00	-3.4580e-01	-1.0122e+00
2.4238e+02	1.7604e+00	9.7970e-01	-7.2710e-01	9.4290e-01	-1.3011e+00	-3.4070e-01	-1.0118e+00
2.4238e+02	1.7604e+00	9.7910e-01	-7.2700e-01	9.4480e-01	-1.3058e+00	-3.3590e-01	-1.0113e+00
2.4238e+02	1.7604e+00	9.7860e-01	-7.2690e-01	9.4680e-01	-1.3103e+00	-3.3130e-01	-1.0106e+00
2.4239e+02	1.7604e+00	9.7810e-01	-7.2680e-01	9.4910e-01	-1.3147e+00	-3.2700e-01	-1.0099e+00
2.4239e+02	1.7603e+00	9.7760e-01	-7.2670e-01	9.5160e-01	-1.3189e+00	-3.2290e-01	-1.0090e+00
2.4239e+02	1.7603e+00	9.7720e-01	-7.2660e-01	9.5420e-01	-1.3226e+00	-3.1910e-01	-1.0082e+00
2.4239e+02	1.7603e+00	9.7680e-01	-7.2650e-01	9.5690e-01	-1.3261e+00	-3.1560e-01	-1.0073e+00
2.4239e+02	1.7602e+00	9.7650e-01	-7.2650e-01	9.5980e-01	-1.3292e+00	-3.1240e-01	-1.0066e+00
2.4240e+02	1.7602e+00	9.7620e-01	-7.2650e-01	9.6280e-01	-1.3322e+00	-3.0940e-01	-1.0059e+00
2.4240e+02	1.7601e+00	9.7600e-01	-7.2660e-01	9.6600e-01	-1.3349e+00	-3.0650e-01	-1.0053e+00
2.4240e+02	1.7600e+00	9.7570e-01	-7.2670e-01	9.6940e-01	-1.3374e+00	-3.0390e-01	-1.0049e+00
2.4240e+02	1.7599e+00	9.7560e-01	-7.2680e-01	9.7290e-01	-1.3398e+00	-3.0150e-01	-1.0046e+00
2.4240e+02	1.7598e+00	9.7540e-01	-7.2710e-01	9.7650e-01	-1.3419e+00	-2.9920e-01	-1.0044e+00
2.4241e+02	1.7596e+00	9.7530e-01	-7.2730e-01	9.8030e-01	-1.3440e+00	-2.9710e-01	-1.0043e+00
2.4241e+02	1.7595e+00	9.7520e-01	-7.2760e-01	9.8420e-01	-1.3459e+00	-2.9520e-01	-1.0042e+00
2.4241e+02	1.7593e+00	9.7500e-01	-7.2780e-01	9.8840e-01	-1.3477e+00	-2.9340e-01	-1.0042e+00
2.4241e+02	1.7591e+00	9.7490e-01	-7.2790e-01	9.9270e-01	-1.3494e+00	-2.9180e-01	-1.0042e+00
2.4241e+02	1.7589e+00	9.7490e-01	-7.2810e-01	9.9710e-01	-1.3510e+00	-2.9030e-01	-1.0042e+00
2.4242e+02	1.7586e+00	9.7480e-01	-7.2820e-01	1.0017e+00	-1.3524e+00	-2.8890e-01	-1.0043e+00
2.4242e+02	1.7584e+00	9.7480e-01	-7.2830e-01	1.0066e+00	-1.3537e+00	-2.8760e-01	-1.0043e+00
2.4242e+02	1.7581e+00	9.7480e-01	-7.2840e-01	1.0115e+00	-1.3548e+00	-2.8640e-01	-1.0044e+00
2.4242e+02	1.7577e+00	9.7480e-01	-7.2850e-01	1.0166e+00	-1.3558e+00	-2.8540e-01	-1.0044e+00
2.4242e+02	1.7574e+00	9.7480e-01	-7.2850e-01	1.0222e+00	-1.3566e+00	-2.8460e-01	-1.0044e+00
2.4243e+02	1.7570e+00	9.7490e-01	-7.2850e-01	1.0277e+00	-1.3572e+00	-2.8400e-01	-1.0044e+00
2.4243e+02	1.7566e+00	9.7490e-01	-7.2850e-01	1.0334e+00	-1.3577e+00	-2.8360e-01	-1.0043e+00
2.4243e+02	1.7562e+00	9.7490e-01	-7.2850e-01	1.0394e+00	-1.3579e+00	-2.8350e-01	-1.0041e+00
2.4243e+02	1.7557e+00	9.7500e-01	-7.2850e-01	1.0454e+00	-1.3580e+00	-2.8350e-01	-1.0040e+00
2.4243e+02	1.7552e+00	9.7500e-01	-7.2850e-01	1.0515e+00	-1.3579e+00	-2.8370e-01	-1.0038e+00
2.4244e+02	1.7548e+00	9.7510e-01	-7.2840e-01	1.0580e+00	-1.3577e+00	-2.8390e-01	-1.0037e+00
2.4244e+02	1.7543e+00	9.7520e-01	-7.2830e-01	1.0645e+00	-1.3574e+00	-2.8420e-01	-1.0036e+00
2.4244e+02	1.7538e+00	9.7540e-01	-7.2830e-01	1.0711e+00	-1.3571e+00	-2.8450e-01	-1.0035e+00
2.4244e+02	1.7533e+00	9.7550e-01	-7.2820e-01	1.0780e+00	-1.3567e+00	-2.8490e-01	-1.0034e+00
2.4244e+02	1.7527e+00	9.7560e-01	-7.2810e-01	1.0849e+00	-1.3563e+00	-2.8530e-01	-1.0033e+00
2.4245e+02	1.7522e+00	9.7580e-01	-7.2800e-01	1.0918e+00	-1.3559e+00	-2.8580e-01	-1.0031e+00
2.4245e+02	1.7517e+00	9.7600e-01	-7.2800e-01	1.0992e+00	-1.3555e+00	-2.8650e-01	-1.0029e+00
2.4245e+02	1.7512e+00	9.7610e-01	-7.2790e-01	1.1064e+00	-1.3552e+00	-2.8740e-01	-1.0026e+00
2.4245e+02	1.7506e+00	9.7630e-01	-7.2790e-01	1.1138e+00	-1.3549e+00	-2.8830e-01	-1.0023e+00
2.4245e+02	1.7500e+00	9.7650e-01	-7.2780e-01	1.1216e+00	-1.3547e+00	-2.8950e-01	-1.0018e+00
2.4246e+02	1.7494e+00	9.7670e-01	-7.2780e-01	1.1292e+00	-1.3545e+00	-2.9080e-01	-1.0012e+00
2.4246e+02	1.7488e+00	9.7690e-01	-7.2780e-01	1.1369e+00	-1.3542e+00	-2.9220e-01	-1.0004e+00
2.4246e+02	1.7482e+00	9.7710e-01	-7.2780e-01	1.1449e+00	-1.3540e+00	-2.9360e-01	-9.9970e-01
2.4246e+02	1.7475e+00	9.7740e-01	-7.2790e-01	1.1528e+00	-1.3539e+00	-2.9510e-01	-9.9910e-01
2.4246e+02	1.7467e+00	9.7760e-01	-7.2800e-01	1.1605e+00	-1.3539e+00	-2.9670e-01	-9.9860e-01
2.4247e+02	1.7460e+00	9.7800e-01	-7.2810e-01	1.1685e+00	-1.3539e+00	-2.9840e-01	-9.9840e-01
2.4247e+02	1.7453e+00	9.7830e-01	-7.2820e-01	1.1763e+00	-1.3539e+00	-3.0010e-01	-9.9820e-01
2.4247e+02	1.7445e+00	9.7870e-01	-7.2830e-01	1.1840e+00	-1.3537e+00	-3.0180e-01	-9.9800e-01
2.4247e+02	1.7437e+00	9.7910e-01	-7.2850e-01	1.1919e+00	-1.3534e+00	-3.0340e-01	-9.9780e-01
2.4247e+02	1.7430e+00	9.7950e-01	-7.2870e-01	1.1996e+00	-1.3530e+00	-3.0510e-01	-9.9740e-01
2.4248e+02	1.7422e+00	9.8000e-01	-7.2890e-01	1.2074e+00	-1.3524e+00	-3.0660e-01	-9.9700e-01
2.4248e+02	1.7414e+00	9.8040e-01	-7.2910e-01	1.2154e+00	-1.3519e+00	-3.0810e-01	-9.9650e-01
2.4248e+02	1.7406e+00	9.8080e-01	-7.2930e-01	1.2232e+00	-1.3514e+00	-3.0950e-01	-9.9600e-01
2.4248e+02	1.7398e+00	9.8120e-01	-7.2960e-01	1.2309e+00	-1.3508e+00	-3.1080e-01	-9.9550e-01
2.4248e+02	1.7390e+00	9.8160e-01	-7.3000e-01	1.2389e+00	-1.3502e+00	-3.1210e-01	-9.9510e-01
2.4249e+02	1.7382e+00	9.8200e-01	-7.3040e-01	1.2468e+00	-1.3495e+00	-3.1330e-01	-9.9470e-01
2.4249e+02	1.7374e+00	9.8250e-01	-7.3080e-01	1.2546e+00	-1.3488e+00	-3.1440e-01	-9.9420e-01
2.4249e+02	1.7366e+00	9.8290e-01	-7.3130e-01	1.2628e+00	-1.3480e+00	-3.1550e-01	-9.9380e-01
2.4249e+02	1.7358e+00	9.8330e-01	-7.3170e-01	1.2707e+00	-1.3473e+00	-3.1670e-01	-9.9340e-01
2.4249e+02	1.7349e+00	9.8380e-01	-7.3230e-01	1.2786e+00	-1.3465e+00	-3.1790e-01	-9.9290e-01
2.4250e+02	1.7341e+00	9.8420e-01	-7.3280e-01	1.2869e+00	-1.3458e+00	-3.1920e-01	-9.9230e-01
2.4250e+02	1.7334e+00	9.8470e-01	-7.3340e-01	1.2950e+00	-1.3449e+00	-3.2050e-01	-9.9180e-01
2.4250e+02	1.7326e+00	9.8520e-01	-7.3410e-01	1.3030e+00	-1.3440e+00	-3.2170e-01	-9.9120e-01
2.4250e+02	1.7318e+00	9.8560e-01	-7.3480e-01	1.3112e+00	-1.3429e+00	-3.2280e-01	-9.9070e-01
2.4250e+02	1.7311e+00	9.8600e-01	-7.3550e-01	1.3191e+00	-1.3419e+00	-3.2370e-01	-9.9020e-01
2.4251e+02	1.7304e+00	9.8640e-01	-7.3630e-01	1.3269e+00	-1.3408e+00	-3.2460e-01	-9.8980e-01
2.4251e+02	1.7298e+00	9.8680e-01	-7.3710e-01	1.3348e+00	-1.3398e+00	-3.2530e-01	-9.8940e-01
2.4251e+02	1.7291e+00	9.8720e-01	-7.3790e-01	1.3425e+00	-1.3388e+00	-3.2600e-01	-9.8910e-01
2.4251e+02	1.7285e+00	9.8760e-01	-7.3870e-01	1.3500e+00	-1.3379e+00	-3.2670e-01	-9.8870e-01
2.4251e+02	1.7279e+00	9.8800e-01	-7.3950e-01	1.3575e+00	-1.3371e+00	-3.2720e-01	-9.8830e-01
2.4252e+02	1.7273e+00	9.8830e-01	-7.4040e-01	1.3648e+00	-1.3362e+00	-3.2760e-01	-9.8780e-01
2.4252e+02	1.7267e+00	9.8860e-01	-7.4130e-01	1.3719e+00	-1.3354e+00	-3.2790e-01	-9.8720e-01
2.4252e+02	1.7261e+00	9.8890e-01	-7.4220e-01	1.3790e+00	-1.3346e+00	-3.2800e-01	-9.8660e-01
2.4252e+02	1.7256e+00	9.8920e-01	-7.4310e-01	1.3858e+00	-1.3337e+00	-3.2790e-01	-9.8600e-01
2.4252e+02	1.7251e+00	9.8940e-01	-7.4420e-01	1.3926e+00	-1.3329e+00	-3.2760e-01	-9.8540e-01
2.4253e+02	1.7246e+00	9.8950e-01	-7.4520e-01	1.3993e+00	-1.3321e+00	-3.2700e-01	-9.8470e-01
2.4253e+02	1.7241e+00	9.8960e-01	-7.4620e-01	1.4058e+00	-1.3312e+00	-3.2630e-01	-9.8410e-01
2.4253e+02	1.7237e+00	9.8970e-01	-7.4740e-01	1.4120e+00	-1.3304e+00	-3.2520e-01	-9.8340e-01
2.4253e+02	1.7233e+00	9.8980e-01	-7.4850e-01	1.4183e+00	-1.3295e+00	-3.2390e-01	-9.8280e-01
2.4253e+02	1.7229e+00	9.8980e-01	-7.4970e-01	1.4244e+00	-1.3285e+00	-3.2240e-01	-9.8220e-01
2.4254e+02	1.7225e+00	9.8990e-01	-7.5090e-01	1.4304e+00	-1.3275e+00	-3.2070e-01	-9.8170e-01
2.4254e+02	1.7222e+00	9.8990e-01	-7.5200e-01	1.4364e+00	-1.3265e+00	-3.1880e-01	-9.8130e-01
2.4254e+02	1.7219e+00	9.8990e-01	-7.5320e-01	1.4422e+00	-1.3254e+00	-3.1670e-01	-9.8100e-01
2.4254e+02	1.7217e+00	9.8990e-01	-7.5450e-01	1.4477e+00	-1.3243e+00	-3.1450e-01	-9.8090e-01
2.4254e+02	1.7215e+00	9.8980e-01	-7.5570e-01	1.4533e+00	-1.3231e+00	-3.1220e-01	-9.8090e-01
2.4255e+02	1.7212e+00	9.8970e-01	-7.5690e-01	1.4586e+00	-1.3218e+00	-3.0970e-01	-9.8090e-01
2.4255e+02	1.7210e+00	9.8960e-01	-7.5820e-01	1.4637e+00	-1.3204e+00	-3.0720e-01	-9.8110e-01
2.4255e+02	1.7208e+00	9.8940e-01	-7.5950e-01	1.4688e+00	-1.3191e+00	-3.0480e-01	-9.8130e-01
2.4255e+02	1.7206e+00	9.8920e-01	-7.6080e-01	1.4736e+00	-1.3177e+00	-3.0240e-01	-9.8160e-01
2.4255e+02	1.7204e+00	9.8900e-01	-7.6210e-01	1.4783e+00	-1.3162e+00	-3.0010e-01	-9.8180e-01
2.4256e+02	1.7201e+00	9.8870e-01	-7.6350e-01	1.4830e+00	-1.3147e+00	-2.9790e-01	-9.8200e-01
2.4256e+02	1.7199e+00	9.8850e-01	-7.6490e-01	1.4874e+00	-1.3132e+00	-2.9580e-01	-9.8220e-01
2.4256e+02	1.7197e+00	9.8810e-01	-7.6640e-01	1.4917e+00	-1.3115e+00	-2.9370e-01	-9.8240e-01
2.4256e+02	1.7194e+00	9.8780e-01	-7.6780e-01	1.4959e+00	-1.3099e+00	-2.9180e-01	-9.8260e-01
2.4256e+02	1.7192e+00	9.8740e-01	-7.6930e-01	1.4999e+00	-1.3082e+00	-2.9000e-01	-9.8280e-01
2.4257e+02	1.7189e+00	9.8700e-01	-7.7080e-01	1.5037e+00	-1.3065e+00	-2.8840e-01	-9.8300e-01
2.4257e+02	1.7187e+00	9.8660e-01	-7.7220e-01	1.5075e+00	-1.3048e+00	-2.8690e-01	-9.8330e-01
2.4257e+02	1.7184e+00	9.8620e-01	-7.7360e-01	1.5110e+00	-1.3032e+00	-2.8550e-01	-9.8350e-01
2.4257e+02	1.7182e+00	9.8570e-01	-7.7500e-01	1.5144e+00	-1.3018e+00	-2.8420e-01	-9.8390e-01
2.4257e+02	1.7179e+00	9.8520e-01	-7.7650e-01	1.5178e+00	-1.3004e+00	-2.8290e-01	-9.8420e-01
2.4258e+02	1.7176e+00	9.8470e-01	-7.7790e-01	1.5210e+00	-1.2990e+00	-2.8160e-01	-9.8460e-01
2.4258e+02	1.7174e+00	9.8420e-01	-7.7940e-01	1.5240e+00	-1.2976e+00	-2.8020e-01	-9.8510e-01
2.4258e+02	1.7171e+00	9.8360e-01	-7.8090e-01	1.5269e+00	-1.2962e+00	-2.7870e-01	-9.8580e-01
2.4258e+02	1.7168e+00	9.8300e-01	-7.8240e-01	1.5297e+00	-1.2946e+00	-2.7720e-01	-9.8640e-01
2.4258e+02	1.7165e+00	9.8230e-01	-7.8390e-01	1.5322e+00	-1.2929e+00	-2.7580e-01	-9.8710e-01
2.4259e+02	1.7163e+00	9.8170e-01	-7.8540e-01	1.5348e+00	-1.2914e+00	-2.7460e-01	-9.8780e-01
2.4259e+02	1.7160e+00	9.8100e-01	-7.8700e-01	1.5372e+00	-1.2899e+00	-2.7350e-01	-9.8860e-01
2.4259e+02	1.7157e+00	9.8020e-01	-7.8850e-01	1.5395e+00	-1.2886e+00	-2.7270e-01	-9.8950e-01
2.4259e+02	1.7155e+00	9.7940e-01	-7.9000e-01	1.5418e+00	-1.2875e+00	-2.7200e-01	-9.9050e-01
2.4259e+02	1.7152e+00	9.7860e-01	-7.9150e-01	1.5440e+00	-1.2865e+00	-2.7150e-01	-9.9170e-01
2.4260e+02	1.7150e+00	9.7780e-01	-7.9300e-01	1.5461e+00	-1.2856e+00	-2.7110e-01	-9.9300e-01
2.4260e+02	1.7147e+00	9.7700e-01	-7.9450e-01	1.5482e+00	-1.2850e+00	-2.7080e-01	-9.9440e-01
2.4260e+02	1.7144e+00	9.7610e-01	-7.9590e-01	1.5503e+00	-1.2845e+00	-2.7060e-01	-9.9590e-01
2.4260e+02	1.7141e+00	9.7520e-01	-7.9730e-01	1.5523e+00	-1.2841e+00	-2.7030e-01	-9.9760e-01
2.4260e+02	1.7139e+00	9.7430e-01	-7.9880e-01	1.5542e+00	-1.2838e+00	-2.7020e-01	-9.9930e-01
2.4261e+02	1.7136e+00	9.7340e-01	-8.0030e-01	1.5559e+00	-1.2836e+00	-2.7000e-01	-1.0012e+00
2.4261e+02	1.7133e+00	9.7240e-01	-8.0180e-01	1.5576e+00	-1.2834e+00	-2.6990e-01	-1.0032e+00
2.4261e+02	1.7131e+00	9.7150e-01	-8.0340e-01	1.5592e+00	-1.2833e+00	-2.6990e-01	-1.0053e+00
2.4261e+02	1.7128e+00	9.7050e-01	-8.0490e-01	1.5608e+00	-1.2833e+00	-2.6990e-01	-1.0074e+00
2.4261e+02	1.7125e+00	9.6950e-01	-8.0650e-01	1.5623e+00	-1.2833e+00	-2.7000e-01	-1.0096e+00
2.4262e+02	1.7122e+00	9.6860e-01	-8.0810e-01	1.5639e+00	-1.2834e+00	-2.7010e-01	-1.0119e+00
2.4262e+02	1.7120e+00	9.6760e-01	-8.0960e-01	1.5653e+00	-1.2835e+00	-2.7040e-01	-1.0143e+00
2.4262e+02	1.7118e+00	9.6650e-01	-8.1130e-01	1.5667e+00	-1.2837e+00	-2.7070e-01	-1.0167e+00
2.4262e+02	1.7116e+00	9.6550e-01	-8.1290e-01	1.5681e+00	-1.2840e+00	-2.7100e-01	-1.0192e+00
2.4262e+02	1.7114e+00	9.6450e-01	-8.1450e-01	1.5695e+00	-1.2844e+00	-2.7140e-01	-1.0218e+00
2.4263e+02	1.7112e+00	9.6350e-01	-8.1620e-01	1.5707e+00	-1.2849e+00	-2.7190e-01	-1.0245e+00
2.4263e+02	1.7111e+00	9.6240e-01	-8.1780e-01	1.5719e+00	-1.2855e+00	-2.7240e-01	-1.0272e+00
2.4263e+02	1.7109e+00	9.6130e-01	-8.1950e-01	1.5731e+00	-1.2861e+00	-2.7300e-01	-1.0301e+00
2.4263e+02	1.7108e+00	9.6020e-01	-8.2120e-01	1.5742e+00	-1.2869e+00	-2.7360e-01	-1.0329e+00
2.4263e+02	1.7107e+00	9.5920e-01	-8.2280e-01	1.5754e+00	-1.2877e+00	-2.7420e-01	-1.0357e+00
2.4264e+02	1.7106e+00	9.5810e-01	-8.2450e-01	1.5766e+00	-1.2886e+00	-2.7480e-01	-1.0385e+00
2.4264e+02	1.7105e+00	9.5700e-01	-8.2620e-01	1.5778e+00	-1.2896e+00	-2.7530e-01	-1.0413e+00
2.4264e+02	1.7105e+00	9.5600e-01	-8.2790e-01	1.5789e+00	-1.2907e+00	-2.7580e-01	-1.0440e+00
2.4264e+02	1.7104e+00	9.5490e-01	-8.2960e-01	1.5800e+00	-1.2917e+00	-2.7630e-01	-1.0467e+00
2.4264e+02	1.7104e+00	9.5380e-01	-8.3140e-01	1.5810e+00	-1.2928e+00	-2.7690e-01	-1.0494e+00
2.4265e+02	1.7103e+00	9.5270e-01	-8.3310e-01	1.5820e+00	-1.2939e+00	-2.7740e-01	-1.0520e+00
